0	6	24	0.5	0	0
1	6	24	0.5	0	0
2	6	24	0.5	0	0
3	6	24	0.458333	0	0
4	6	24	0.5	0	0
5	6	24	0.5	0	0
6	6	24	0.5	0	0
7	6	24	0.541667	0	0
8	6	24	0.5	0	0
9	6	24	0.5	0	0
10	6	24	0.5	0	0
11	6	24	0.5	0	0
12	6	24	0.5	0	0
13	6	24	0.458333	0	0
14	6	24	0.5	0	0
15	6	24	0.5	0	0
16	6	24	0.5	0	0
17	6	24	0.5	0	0
18	6	24	0.458333	0	0
19	6	24	0.5	0	0
20	6	24	0.541667	0	0
21	6	24	0.5	0	0
22	6	24	0.5	0	0
23	6	24	0.5	0	0
24	6	24	0.541667	0	0
25	6	24	0.5	0	0
26	6	24	0.5	0	0
27	6	24	0.5	0	0
28	6	24	0.458333	0	0
29	6	24	0.458333	0	0
30	6	24	0.5	0	0
31	6	24	0.458333	0	0
32	6	24	0.541667	0	0
33	6	24	0.458333	0	0
34	6	24	0.583333	0	0
35	6	24	0.5	0	0
36	6	24	0.5	0	0
37	6	24	0.458333	0	0
38	6	24	0.5	0	0
39	6	24	0.458333	0	0
40	6	24	0.5	0	0
41	6	24	0.5	0	0
42	6	24	0.5	0	0
43	6	24	0.5	0	0
44	6	24	0.5	0	0
45	6	24	0.541667	0	0
46	6	24	0.5	0	0
47	6	24	0.5	0	0
48	6	24	0.5	0	0
49	6	24	0.375	0.02	0
50	6	24	0.5	0.0196078	0
51	6	24	0.5	0.0192308	0
52	6	24	0.5	0.0188679	0
53	6	24	0.458333	0.0185185	0
54	6	24	0.5	0.0181818	0
55	6	24	0.5	0.0178571	0
56	6	24	0.458333	0.0175439	0
57	6	24	0.458333	0.0172414	0
58	6	24	0.5	0.0169492	0
59	6	24	0.541667	0.0166667	0
60	6	24	0.5	0.0163934	0
61	6	24	0.5	0.016129	0
62	6	24	0.5	0.015873	0
63	6	24	0.541667	0.015625	0
64	6	24	0.458333	0.0153846	0
65	6	24	0.541667	0.0151515	0
66	6	24	0.458333	0.0149254	0
67	6	24	0.5	0.0147059	0
68	6	24	0.5	0.0144928	0
69	6	24	0.5	0.0142857	0
70	6	24	0.5	0.0140845	0
71	6	24	0.458333	0.0138889	0
72	6	24	0.541667	0.0136986	0
73	6	24	0.5	0.0135135	0
74	6	24	0.5	0.0133333	0
75	6	24	0.5	0.0131579	0
76	6	24	0.5	0.012987	0
77	6	24	0.5	0.0128205	0
78	6	24	0.5	0.0126582	0
79	6	24	0.541667	0.0125	0
80	6	24	0.5	0.0123457	0
81	6	24	0.5	0.0121951	0
82	6	24	0.5	0.0120482	0
83	6	24	0.5	0.0119048	0
84	6	24	0.5	0.0117647	0
85	6	24	0.5	0.0116279	0
86	6	24	0.5	0.0114943	0
87	6	24	0.541667	0.0113636	0
88	6	24	0.583333	0.011236	0
89	6	24	0.5	0.0111111	0
90	6	24	0.5	0.010989	0
91	6	24	0.458333	0.0108696	0
92	6	24	0.5	0.0107527	0
93	6	24	0.5	0.0106383	0
94	6	24	0.5	0.0105263	0
95	6	24	0.5	0.0104167	0
96	6	24	0.5	0.0103093	0
97	6	24	0.458333	0.0102041	0
98	6	24	0.5	0.010101	0
99	6	24	0.5	0.01	0
100	6	24	0.541667	0.00990099	0
101	6	24	0.458333	0.00980392	0
102	6	24	0.458333	0.00970874	0
103	6	24	0.5	0.00961538	0
104	6	24	0.5	0.00952381	0
105	6	24	0.5	0.00943396	0
106	6	24	0.5	0.00934579	0
107	6	24	0.5	0.00925926	0
108	6	24	0.375	0.0183486	0
109	6	24	0.5	0.0181818	0
110	6	24	0.5	0.018018	0
111	6	24	0.5	0.0178571	0
112	6	24	0.5	0.0176991	0
113	6	24	0.5	0.0175439	0
114	6	24	0.5	0.0173913	0
115	6	24	0.5	0.0172414	0
116	6	24	0.5	0.017094	0
117	6	24	0.5	0.0169492	0
118	6	24	0.541667	0.0168067	0
119	6	24	0.5	0.0166667	0
120	6	24	0.5	0.0165289	0
121	6	24	0.5	0.0163934	0
122	6	24	0.5	0.0162602	0
123	6	24	0.541667	0.016129	0
124	6	24	0.5	0.016	0
125	6	24	0.5	0.015873	0
126	6	24	0.458333	0.015748	0
127	6	24	0.541667	0.015625	0
128	6	24	0.5	0.0155039	0
129	6	24	0.5	0.0153846	0
130	6	24	0.5	0.0152672	0
131	6	24	0.541667	0.0151515	0
132	6	24	0.5	0.0150376	0
133	6	24	0.5	0.0149254	0
134	6	24	0.5	0.0148148	0
135	6	24	0.541667	0.0147059	0
136	6	24	0.5	0.0145985	0
137	6	24	0.5	0.0144928	0
138	6	24	0.5	0.0143885	0
139	6	24	0.5	0.0142857	0
140	6	24	0.5	0.0141844	0
141	6	24	0.541667	0.0140845	0
142	6	24	0.5	0.013986	0
143	6	24	0.5	0.0138889	0
144	6	24	0.5	0.0137931	0
145	6	24	0.5	0.0136986	0
146	6	24	0.5	0.0136054	0
147	6	24	0.5	0.0135135	0
148	6	24	0.541667	0.0134228	0
149	6	24	0.5	0.0133333	0
150	6	24	0.5	0.013245	0
151	6	24	0.5	0.0131579	0
152	6	24	0.5	0.0130719	0
153	6	24	0.541667	0.012987	0
154	6	24	0.5	0.0129032	0
155	6	24	0.541667	0.0128205	0
156	6	24	0.5	0.0127389	0
157	6	24	0.5	0.0126582	0
158	6	24	0.5	0.0125786	0
159	6	24	0.5	0.0125	0
160	6	24	0.458333	0.0124224	0
161	6	24	0.541667	0.0123457	0
162	6	24	0.5	0.0122699	0
163	6	24	0.5	0.0121951	0
164	6	24	0.5	0.0121212	0
165	6	24	0.458333	0.0120482	0
166	6	24	0.5	0.011976	0
167	6	24	0.458333	0.0119048	0
168	6	24	0.458333	0.0118343	0
169	6	24	0.5	0.0117647	0
170	6	24	0.5	0.0116959	0
171	6	24	0.5	0.0116279	0
172	6	24	0.541667	0.0115607	0
173	6	24	0.5	0.0114943	0
174	6	24	0.5	0.0114286	0
175	6	24	0.5	0.0113636	0
176	6	24	0.5	0.0112994	0
177	6	24	0.5	0.011236	0
178	6	24	0.458333	0.0111732	0
179	6	24	0.5	0.0111111	0
180	6	24	0.5	0.0110497	0
181	6	24	0.5	0.010989	0
182	6	24	0.5	0.010929	0
183	6	24	0.5	0.0108696	0
184	6	24	0.541667	0.0108108	0
185	6	24	0.5	0.0107527	0
186	6	24	0.5	0.0106952	0
187	6	24	0.5	0.0106383	0
188	6	24	0.5	0.010582	0
189	6	24	0.5	0.0105263	0
190	6	24	0.5	0.0104712	0
191	6	24	0.458333	0.0104167	0
192	6	24	0.458333	0.0103627	0
193	6	24	0.458333	0.0103093	0
194	6	24	0.458333	0.0102564	0
195	6	24	0.5	0.0102041	0
196	6	24	0.5	0.0101523	0
197	6	24	0.416667	0.010101	0
198	6	24	0.5	0.0100503	0
199	6	24	0.5	0.01	0
200	6	24	0.5	0.00995025	0
201	6	24	0.5	0.00990099	0
202	6	24	0.5	0.00985222	0
203	6	24	0.5	0.00980392	0
204	6	24	0.5	0.0097561	0
205	6	24	0.583333	0.00970874	0
206	6	24	0.5	0.00966184	0
207	6	24	0.5	0.00961538	0
208	6	24	0.5	0.00956938	0
209	6	24	0.5	0.00952381	0
210	6	24	0.5	0.00947867	0
211	6	24	0.5	0.00943396	0
212	6	24	0.541667	0.00938967	0
213	6	24	0.5	0.00934579	0
214	6	24	0.5	0.00930233	0
215	6	24	0.5	0.00925926	0
216	6	24	0.5	0.00921659	0
217	6	24	0.5	0.00917431	0
218	6	24	0.458333	0.00913242	0
219	6	24	0.458333	0.00909091	0
220	6	24	0.5	0.00904977	0
221	6	24	0.5	0.00900901	0
222	6	24	0.5	0.00896861	0
223	6	24	0.5	0.00892857	0
224	6	24	0.5	0.00888889	0
225	6	24	0.541667	0.00884956	0
226	6	24	0.5	0.00881057	0
227	6	24	0.5	0.00877193	0
228	6	24	0.5	0.00873362	0
229	6	24	0.5	0.00869565	0
230	6	24	0.5	0.00865801	0
231	6	24	0.708333	0.00862069	0.00431034
232	6	24	0.541667	0.00858369	0.00429185
233	6	24	0.5	0.00854701	0.0042735
234	6	24	0.5	0.00851064	0.00425532
235	6	24	0.541667	0.00847458	0.00423729
236	6	24	0.5	0.00843882	0.00421941
237	6	24	0.5	0.00840336	0.00420168
238	6	24	0.5	0.0083682	0.0041841
239	6	24	0.5	0.00833333	0.00416667
240	6	24	0.5	0.00829876	0.00414938
241	6	24	0.5	0.00826446	0.00413223
242	6	24	0.5	0.00823045	0.00411523
243	6	24	0.5	0.00819672	0.00409836
244	6	24	0.5	0.00816327	0.00408163
245	6	24	0.458333	0.00813008	0.00406504
246	6	24	0.5	0.00809717	0.00404858
247	6	24	0.458333	0.00806452	0.00403226
248	6	24	0.5	0.00803213	0.00401606
249	6	24	0.5	0.008	0.004
250	6	24	0.541667	0.00796813	0.00398406
251	6	24	0.5	0.00793651	0.00396825
252	6	24	0.583333	0.00790514	0.00395257
253	6	24	0.5	0.00787402	0.00393701
254	6	24	0.458333	0.00784314	0.00392157
255	6	24	0.541667	0.0078125	0.00390625
256	6	24	0.5	0.0077821	0.00389105
257	6	24	0.5	0.00775194	0.00387597
258	6	24	0.458333	0.00772201	0.003861
259	6	24	0.5	0.00769231	0.00384615
260	6	24	0.5	0.00766284	0.00383142
261	6	24	0.5	0.00763359	0.00381679
262	6	24	0.5	0.00760456	0.00380228
263	6	24	0.5	0.00757576	0.00378788
264	6	24	0.5	0.00754717	0.00377358
265	6	24	0.5	0.0075188	0.0037594
266	6	24	0.5	0.00749064	0.00374532
267	6	24	0.5	0.00746269	0.00373134
268	6	24	0.5	0.00743494	0.00371747
269	6	24	0.5	0.00740741	0.0037037
270	6	24	0.5	0.00738007	0.00369004
271	6	24	0.583333	0.00735294	0.00367647
272	6	24	0.5	0.00732601	0.003663
273	6	24	0.458333	0.00729927	0.00364964
274	6	24	0.5	0.00727273	0.00363636
275	6	24	0.5	0.00724638	0.00362319
276	6	24	0.5	0.00722022	0.00361011
277	6	24	0.5	0.00719424	0.00359712
278	6	24	0.541667	0.00716846	0.00358423
279	6	24	0.5	0.00714286	0.00357143
280	6	24	0.541667	0.00711744	0.00355872
281	6	24	0.5	0.0070922	0.0035461
282	6	24	0.5	0.00706714	0.00353357
283	6	24	0.5	0.00704225	0.00352113
284	6	24	0.416667	0.00701754	0.00350877
285	6	24	0.458333	0.00699301	0.0034965
286	6	24	0.5	0.00696864	0.00348432
287	6	24	0.583333	0.00694444	0.00347222
288	6	24	0.5	0.00692042	0.00346021
289	6	24	0.541667	0.00689655	0.00344828
290	6	24	0.458333	0.00687285	0.00343643
291	6	24	0.5	0.00684932	0.00342466
292	6	24	0.5	0.00682594	0.00341297
293	6	24	0.5	0.00680272	0.00340136
294	6	24	0.541667	0.00677966	0.00338983
295	6	24	0.541667	0.00675676	0.00337838
296	6	24	0.5	0.00673401	0.003367
297	6	24	0.5	0.00671141	0.0033557
298	6	24	0.5	0.00668896	0.00334448
299	6	24	0.5	0.00666667	0.00333333
300	6	24	0.5	0.00664452	0.00332226
301	6	24	0.541667	0.00662252	0.00331126
302	6	24	0.5	0.00660066	0.00330033
303	6	24	0.5	0.00657895	0.00328947
304	6	24	0.5	0.00655738	0.00327869
305	6	24	0.5	0.00653595	0.00326797
306	6	24	0.5	0.00651466	0.00325733
307	6	24	0.458333	0.00649351	0.00324675
308	6	24	0.5	0.00647249	0.00323625
309	6	24	0.541667	0.00645161	0.00322581
310	6	24	0.5	0.00643087	0.00321543
311	6	24	0.5	0.00641026	0.00320513
312	6	24	0.5	0.00638978	0.00319489
313	6	24	0.5	0.00636943	0.00318471
314	6	24	0.5	0.00634921	0.0031746
315	6	24	0.5	0.00632911	0.00316456
316	6	24	0.5	0.00630915	0.00315457
317	6	24	0.5	0.00628931	0.00314465
318	6	24	0.5	0.00626959	0.0031348
319	6	24	0.5	0.00625	0.003125
320	6	24	0.458333	0.00623053	0.00311526
321	6	24	0.5	0.00621118	0.00310559
322	6	24	0.541667	0.00619195	0.00309598
323	6	24	0.5	0.00617284	0.00308642
324	6	24	0.458333	0.00615385	0.00307692
325	6	24	0.458333	0.00613497	0.00306748
326	6	24	0.5	0.00611621	0.0030581
327	6	24	0.5	0.00609756	0.00304878
328	6	24	0.458333	0.00607903	0.00303951
329	6	24	0.5	0.00606061	0.0030303
330	6	24	0.541667	0.0060423	0.00302115
331	6	24	0.5	0.0060241	0.00301205
332	6	24	0.541667	0.00600601	0.003003
333	6	24	0.5	0.00598802	0.00299401
334	6	24	0.5	0.00597015	0.00298507
335	6	24	0.458333	0.00595238	0.00297619
336	6	24	0.5	0.00593472	0.00296736
337	6	24	0.5	0.00591716	0.00295858
338	6	24	0.5	0.00589971	0.00294985
339	6	24	0.458333	0.00588235	0.00294118
340	6	24	0.5	0.0058651	0.00293255
341	6	24	0.5	0.00584795	0.00292398
342	6	24	0.458333	0.0058309	0.00291545
343	6	24	0.541667	0.00581395	0.00290698
344	6	24	0.458333	0.0057971	0.00289855
345	6	24	0.5	0.00578035	0.00289017
346	6	24	0.5	0.00576369	0.00288184
347	6	24	0.416667	0.00574713	0.00287356
348	6	24	0.5	0.00573066	0.00286533
349	6	24	0.5	0.00571429	0.00285714
350	6	24	0.5	0.00569801	0.002849
351	6	24	0.458333	0.00568182	0.00284091
352	6	24	0.5	0.00566572	0.00283286
353	6	24	0.5	0.00564972	0.00282486
354	6	24	0.5	0.0056338	0.0028169
355	6	24	0.458333	0.00561798	0.00280899
356	6	24	0.5	0.00560224	0.00280112
357	6	24	0.5	0.00558659	0.0027933
358	6	24	0.541667	0.00557103	0.00278552
359	6	24	0.458333	0.00555556	0.00277778
360	6	24	0.5	0.00554017	0.00277008
361	6	24	0.541667	0.00552486	0.00276243
362	6	24	0.5	0.00550964	0.00275482
363	6	24	0.541667	0.00549451	0.00274725
364	6	24	0.5	0.00547945	0.00273973
365	6	24	0.5	0.00546448	0.00273224
366	6	24	0.458333	0.00544959	0.0027248
367	6	24	0.5	0.00543478	0.00271739
368	6	24	0.458333	0.00542005	0.00271003
369	6	24	0.5	0.00540541	0.0027027
370	6	24	0.458333	0.00539084	0.00269542
371	6	24	0.5	0.00537634	0.00268817
372	6	24	0.541667	0.00536193	0.00268097
373	6	24	0.458333	0.00534759	0.0026738
374	6	24	0.458333	0.00533333	0.00266667
375	6	24	0.458333	0.00531915	0.00265957
376	6	24	0.5	0.00530504	0.00265252
377	6	24	0.5	0.00529101	0.0026455
378	6	24	0.5	0.00527704	0.00263852
379	6	24	0.5	0.00526316	0.00263158
380	6	24	0.5	0.00524934	0.00262467
381	6	24	0.5	0.0052356	0.0026178
382	6	24	0.541667	0.00522193	0.00261097
383	6	24	0.5	0.00520833	0.00260417
384	6	24	0.5	0.00519481	0.0025974
385	6	24	0.5	0.00518135	0.00259067
386	6	24	0.5	0.00516796	0.00258398
387	6	24	0.5	0.00515464	0.00257732
388	6	24	0.5	0.00514139	0.00257069
389	6	24	0.541667	0.00512821	0.0025641
390	6	24	0.5	0.00511509	0.00255754
391	6	24	0.458333	0.00510204	0.00255102
392	6	24	0.541667	0.00508906	0.00254453
393	6	24	0.5	0.00507614	0.00253807
394	6	24	0.458333	0.00506329	0.00253165
395	6	24	0.5	0.00505051	0.00252525
396	6	24	0.5	0.00503778	0.00251889
397	6	24	0.5	0.00502513	0.00251256
398	6	24	0.5	0.00501253	0.00250627
399	6	24	0.5	0.005	0.0025
400	6	24	0.5	0.00498753	0.00249377
401	6	24	0.5	0.00497512	0.00248756
402	6	24	0.5	0.00496278	0.00248139
403	6	24	0.5	0.0049505	0.00247525
404	6	24	0.5	0.00493827	0.00246914
405	6	24	0.5	0.00492611	0.00246305
406	6	24	0.5	0.004914	0.002457
407	6	24	0.5	0.00490196	0.00245098
408	6	24	0.416667	0.00488998	0.00244499
409	6	24	0.5	0.00487805	0.00243902
410	6	24	0.541667	0.00486618	0.00243309
411	6	24	0.583333	0.00485437	0.00242718
412	6	24	0.5	0.00484262	0.00242131
413	6	24	0.5	0.00483092	0.00241546
414	6	24	0.5	0.00481928	0.00240964
415	6	24	0.541667	0.00480769	0.00240385
416	6	24	0.5	0.00479616	0.00239808
417	6	24	0.541667	0.00478469	0.00239234
418	6	24	0.458333	0.00477327	0.00238663
419	6	24	0.541667	0.0047619	0.00238095
420	6	24	0.5	0.00475059	0.0023753
421	6	24	0.458333	0.00473934	0.00236967
422	6	24	0.458333	0.00472813	0.00236407
423	6	24	0.5	0.00471698	0.00235849
424	6	24	0.458333	0.00470588	0.00235294
425	6	24	0.5	0.00469484	0.00234742
426	6	24	0.5	0.00468384	0.00234192
427	6	24	0.5	0.0046729	0.00233645
428	6	24	0.5	0.004662	0.002331
429	6	24	0.5	0.00465116	0.00232558
430	6	24	0.541667	0.00464037	0.00232019
431	6	24	0.5	0.00462963	0.00231481
432	6	24	0.5	0.00461894	0.00230947
433	6	24	0.5	0.00460829	0.00230415
434	6	24	0.5	0.0045977	0.00229885
435	6	24	0.458333	0.00458716	0.00229358
436	6	24	0.5	0.00457666	0.00228833
437	6	24	0.458333	0.00456621	0.00228311
438	6	24	0.5	0.00455581	0.0022779
439	6	24	0.5	0.00454545	0.00227273
440	6	24	0.5	0.00453515	0.00226757
441	6	24	0.5	0.00452489	0.00226244
442	6	24	0.458333	0.00451467	0.00225734
443	6	24	0.541667	0.0045045	0.00225225
444	6	24	0.5	0.00449438	0.00224719
445	6	24	0.5	0.0044843	0.00224215
446	6	24	0.458333	0.00447427	0.00223714
447	6	24	0.541667	0.00446429	0.00223214
448	6	24	0.5	0.00445434	0.00222717
449	6	24	0.541667	0.00444444	0.00222222
450	6	24	0.5	0.00443459	0.00221729
451	6	24	0.458333	0.00442478	0.00221239
452	6	24	0.5	0.00441501	0.00220751
453	6	24	0.458333	0.00440529	0.00220264
454	6	24	0.5	0.0043956	0.0021978
455	6	24	0.458333	0.00438596	0.00219298
456	6	24	0.541667	0.00437637	0.00218818
457	6	24	0.5	0.00436681	0.00218341
458	6	24	0.5	0.0043573	0.00217865
459	6	24	0.541667	0.00434783	0.00217391
460	6	24	0.5	0.00433839	0.0021692
461	6	24	0.5	0.004329	0.0021645
462	6	24	0.5	0.00431965	0.00215983
463	6	24	0.5	0.00431034	0.00215517
464	6	24	0.458333	0.00430108	0.00215054
465	6	24	0.5	0.00429185	0.00214592
466	6	24	0.5	0.00428266	0.00214133
467	6	24	0.5	0.0042735	0.00213675
468	6	24	0.5	0.00426439	0.0021322
469	6	24	0.375	0.00638298	0.00212766
470	6	24	0.5	0.00636943	0.00212314
471	6	24	0.5	0.00635593	0.00211864
472	6	24	0.5	0.00634249	0.00211416
473	6	24	0.5	0.00632911	0.0021097
474	6	24	0.5	0.00631579	0.00210526
475	6	24	0.5	0.00630252	0.00210084
476	6	24	0.5	0.00628931	0.00209644
477	6	24	0.5	0.00627615	0.00209205
478	6	24	0.5	0.00626305	0.00208768
479	6	24	0.541667	0.00625	0.00208333
480	6	24	0.541667	0.00623701	0.002079
481	6	24	0.5	0.00622407	0.00207469
482	6	24	0.5	0.00621118	0.00207039
483	6	24	0.5	0.00619835	0.00206612
484	6	24	0.458333	0.00618557	0.00206186
485	6	24	0.458333	0.00617284	0.00205761
486	6	24	0.541667	0.00616016	0.00205339
487	6	24	0.5	0.00614754	0.00204918
488	6	24	0.5	0.00613497	0.00204499
489	6	24	0.458333	0.00612245	0.00204082
490	6	24	0.5	0.00610998	0.00203666
491	6	24	0.5	0.00609756	0.00203252
492	6	24	0.541667	0.00608519	0.0020284
493	6	24	0.5	0.00607287	0.00202429
494	6	24	0.5	0.00606061	0.0020202
495	6	24	0.541667	0.00604839	0.00201613
496	6	24	0.5	0.00603622	0.00201207
497	6	24	0.541667	0.0060241	0.00200803
498	6	24	0.5	0.00601202	0.00200401
499	6	24	0.5	0.006	0.002
500	6	24	0.5	0.00598802	0.00199601
501	6	24	0.458333	0.0059761	0.00199203
502	6	24	0.5	0.00596421	0.00198807
503	6	24	0.5	0.00595238	0.00198413
504	6	24	0.458333	0.00594059	0.0019802
505	6	24	0.5	0.00592885	0.00197628
506	6	24	0.5	0.00591716	0.00197239
507	6	24	0.5	0.00590551	0.0019685
508	6	24	0.5	0.00589391	0.00196464
509	6	24	0.5	0.00588235	0.00196078
510	6	24	0.5	0.00587084	0.00195695
511	6	24	0.5	0.00585938	0.00195313
512	6	24	0.5	0.00584795	0.00194932
513	6	24	0.5	0.00583658	0.00194553
514	6	24	0.5	0.00582524	0.00194175
515	6	24	0.458333	0.00581395	0.00193798
516	6	24	0.5	0.00580271	0.00193424
517	6	24	0.541667	0.00579151	0.0019305
518	6	24	0.5	0.00578035	0.00192678
519	6	24	0.5	0.00576923	0.00192308
520	6	24	0.583333	0.00575816	0.00191939
521	6	24	0.541667	0.00574713	0.00191571
522	6	24	0.5	0.00573614	0.00191205
523	6	24	0.5	0.00572519	0.0019084
524	6	24	0.5	0.00571429	0.00190476
525	6	24	0.5	0.00570342	0.00190114
526	6	24	0.583333	0.0056926	0.00189753
527	6	24	0.458333	0.00568182	0.00189394
528	6	24	0.5	0.00567108	0.00189036
529	6	24	0.5	0.00566038	0.00188679
530	6	24	0.5	0.00564972	0.00188324
531	6	24	0.5	0.0056391	0.0018797
532	6	24	0.5	0.00562852	0.00187617
533	6	24	0.583333	0.00561798	0.00187266
534	6	24	0.5	0.00560748	0.00186916
535	6	24	0.5	0.00559701	0.00186567
536	6	24	0.5	0.00558659	0.0018622
537	6	24	0.541667	0.00557621	0.00185874
538	6	24	0.5	0.00556586	0.00185529
539	6	24	0.5	0.00555556	0.00185185
540	6	24	0.5	0.00554529	0.00184843
541	6	24	0.5	0.00553506	0.00184502
542	6	24	0.5	0.00552486	0.00184162
543	6	24	0.5	0.00551471	0.00183824
544	6	24	0.458333	0.00550459	0.00183486
545	6	24	0.5	0.00549451	0.0018315
546	6	24	0.5	0.00548446	0.00182815
547	6	24	0.5	0.00547445	0.00182482
548	6	24	0.541667	0.00546448	0.00182149
549	6	24	0.5	0.00545455	0.00181818
550	6	24	0.5	0.00544465	0.00181488
551	6	24	0.458333	0.00543478	0.00181159
552	6	24	0.458333	0.00542495	0.00180832
553	6	24	0.5	0.00541516	0.00180505
554	6	24	0.5	0.00540541	0.0018018
555	6	24	0.458333	0.00539568	0.00179856
556	6	24	0.5	0.005386	0.00179533
557	6	24	0.5	0.00537634	0.00179211
558	6	24	0.5	0.00536673	0.00178891
559	6	24	0.5	0.00535714	0.00178571
560	6	24	0.541667	0.00534759	0.00178253
561	6	24	0.5	0.00533808	0.00177936
562	6	24	0.5	0.0053286	0.0017762
563	6	24	0.5	0.00531915	0.00177305
564	6	24	0.5	0.00530973	0.00176991
565	6	24	0.458333	0.00530035	0.00176678
566	6	24	0.5	0.00529101	0.00176367
567	6	24	0.5	0.00528169	0.00176056
568	6	24	0.5	0.00527241	0.00175747
569	6	24	0.5	0.00526316	0.00175439
570	6	24	0.458333	0.00525394	0.00175131
571	6	24	0.5	0.00524476	0.00174825
572	6	24	0.5	0.0052356	0.0017452
573	6	24	0.541667	0.00522648	0.00174216
574	6	24	0.5	0.00521739	0.00173913
575	6	24	0.5	0.00520833	0.00173611
576	6	24	0.458333	0.00519931	0.0017331
577	6	24	0.5	0.00519031	0.0017301
578	6	24	0.5	0.00518135	0.00172712
579	6	24	0.5	0.00517241	0.00172414
580	6	24	0.458333	0.00516351	0.00172117
581	6	24	0.458333	0.00515464	0.00171821
582	6	24	0.458333	0.0051458	0.00171527
583	6	24	0.458333	0.00513699	0.00171233
584	6	24	0.541667	0.00512821	0.0017094
585	6	24	0.5	0.00511945	0.00170648
586	6	24	0.541667	0.00511073	0.00170358
587	6	24	0.5	0.00510204	0.00170068
588	6	24	0.5	0.00509338	0.00169779
589	6	24	0.5	0.00508475	0.00169492
590	6	24	0.5	0.00507614	0.00169205
591	6	24	0.5	0.00506757	0.00168919
592	6	24	0.5	0.00505902	0.00168634
593	6	24	0.5	0.00505051	0.0016835
594	6	24	0.458333	0.00504202	0.00168067
595	6	24	0.458333	0.00503356	0.00167785
596	6	24	0.5	0.00502513	0.00167504
597	6	24	0.541667	0.00501672	0.00167224
598	6	24	0.5	0.00500835	0.00166945
599	6	24	0.5	0.005	0.00166667
600	6	24	0.5	0.00499168	0.00166389
601	6	24	0.5	0.00498339	0.00166113
602	6	24	0.458333	0.00497512	0.00165837
603	6	24	0.5	0.00496689	0.00165563
604	6	24	0.541667	0.00495868	0.00165289
605	6	24	0.5	0.0049505	0.00165017
606	6	24	0.541667	0.00494234	0.00164745
607	6	24	0.5	0.00493421	0.00164474
608	6	24	0.5	0.00492611	0.00164204
609	6	24	0.458333	0.00491803	0.00163934
610	6	24	0.5	0.00490998	0.00163666
611	6	24	0.458333	0.00490196	0.00163399
612	6	24	0.541667	0.00489396	0.00163132
613	6	24	0.5	0.00488599	0.00162866
614	6	24	0.5	0.00487805	0.00162602
615	6	24	0.375	0.00649351	0.00162338
616	6	24	0.5	0.00648298	0.00162075
617	6	24	0.458333	0.00647249	0.00161812
618	6	24	0.5	0.00646204	0.00161551
619	6	24	0.5	0.00645161	0.0016129
620	6	24	0.541667	0.00644122	0.00161031
621	6	24	0.5	0.00643087	0.00160772
622	6	24	0.541667	0.00642055	0.00160514
623	6	24	0.5	0.00641026	0.00160256
624	6	24	0.416667	0.0064	0.0016
625	6	24	0.5	0.00638978	0.00159744
626	6	24	0.5	0.00637959	0.0015949
627	6	24	0.5	0.00636943	0.00159236
628	6	24	0.541667	0.0063593	0.00158983
629	6	24	0.5	0.00634921	0.0015873
630	6	24	0.541667	0.00633914	0.00158479
631	6	24	0.5	0.00632911	0.00158228
632	6	24	0.541667	0.00631912	0.00157978
633	6	24	0.5	0.00630915	0.00157729
634	6	24	0.458333	0.00629921	0.0015748
635	6	24	0.5	0.00628931	0.00157233
636	6	24	0.458333	0.00627943	0.00156986
637	6	24	0.5	0.00626959	0.0015674
638	6	24	0.5	0.00625978	0.00156495
639	6	24	0.5	0.00625	0.0015625
640	6	24	0.5	0.00624025	0.00156006
641	6	24	0.5	0.00623053	0.00155763
642	6	24	0.5	0.00622084	0.00155521
643	6	24	0.458333	0.00621118	0.0015528
644	6	24	0.5	0.00620155	0.00155039
645	6	24	0.5	0.00619195	0.00154799
646	6	24	0.625	0.00618238	0.00309119
647	6	24	0.5	0.00617284	0.00308642
648	6	24	0.458333	0.00616333	0.00308166
649	6	24	0.541667	0.00615385	0.00307692
650	6	24	0.416667	0.00614439	0.0030722
651	6	24	0.5	0.00613497	0.00306748
652	6	24	0.5	0.00612557	0.00306279
653	6	24	0.541667	0.00611621	0.0030581
654	6	24	0.5	0.00610687	0.00305344
655	6	24	0.5	0.00609756	0.00304878
656	6	24	0.5	0.00608828	0.00304414
657	6	24	0.458333	0.00607903	0.00303951
658	6	24	0.458333	0.0060698	0.0030349
659	6	24	0.5	0.00606061	0.0030303
660	6	24	0.5	0.00605144	0.00302572
661	6	24	0.5	0.0060423	0.00302115
662	6	24	0.5	0.00603318	0.00301659
663	6	24	0.5	0.0060241	0.00301205
664	6	24	0.541667	0.00601504	0.00300752
665	6	24	0.5	0.00600601	0.003003
666	6	24	0.5	0.005997	0.0029985
667	6	24	0.458333	0.00598802	0.00299401
668	6	24	0.5	0.00597907	0.00298954
669	6	24	0.583333	0.00597015	0.00298507
670	6	24	0.5	0.00596125	0.00298063
671	6	24	0.5	0.00595238	0.00297619
672	6	24	0.5	0.00594354	0.00297177
673	6	24	0.5	0.00593472	0.00296736
674	6	24	0.541667	0.00592593	0.00296296
675	6	24	0.5	0.00591716	0.00295858
676	6	24	0.5	0.00590842	0.00295421
677	6	24	0.5	0.00589971	0.00294985
678	6	24	0.5	0.00589102	0.00294551
679	6	24	0.541667	0.00588235	0.00294118
680	6	24	0.541667	0.00587372	0.00293686
681	6	24	0.458333	0.0058651	0.00293255
682	6	24	0.5	0.00585652	0.00292826
683	6	24	0.5	0.00584795	0.00292398
684	6	24	0.5	0.00583942	0.00291971
685	6	24	0.458333	0.0058309	0.00291545
686	6	24	0.458333	0.00582242	0.00291121
687	6	24	0.5	0.00581395	0.00290698
688	6	24	0.458333	0.00580552	0.00290276
689	6	24	0.541667	0.0057971	0.00289855
690	6	24	0.5	0.00578871	0.00289436
691	6	24	0.541667	0.00578035	0.00289017
692	6	24	0.541667	0.00577201	0.002886
693	6	24	0.5	0.00576369	0.00288184
694	6	24	0.5	0.0057554	0.0028777
695	6	24	0.5	0.00574713	0.00287356
696	6	24	0.5	0.00573888	0.00286944
697	6	24	0.416667	0.00573066	0.00286533
698	6	24	0.5	0.00572246	0.00286123
699	6	24	0.458333	0.00571429	0.00285714
700	6	24	0.5	0.00570613	0.00285307
701	6	24	0.5	0.00569801	0.002849
702	6	24	0.5	0.0056899	0.00284495
703	6	24	0.5	0.00568182	0.00284091
704	6	24	0.5	0.00567376	0.00283688
705	6	24	0.5	0.00566572	0.00283286
706	6	24	0.541667	0.00565771	0.00282885
707	6	24	0.5	0.00564972	0.00282486
708	6	24	0.5	0.00564175	0.00282087
709	6	24	0.5	0.0056338	0.0028169
710	6	24	0.541667	0.00562588	0.00281294
711	6	24	0.5	0.00561798	0.00280899
712	6	24	0.541667	0.0056101	0.00280505
713	6	24	0.5	0.00560224	0.00280112
714	6	24	0.5	0.00559441	0.0027972
715	6	24	0.5	0.00558659	0.0027933
716	6	24	0.541667	0.0055788	0.0027894
717	6	24	0.5	0.00557103	0.00278552
718	6	24	0.5	0.00556328	0.00278164
719	6	24	0.5	0.00555556	0.00277778
720	6	24	0.5	0.00554785	0.00277393
721	6	24	0.458333	0.00554017	0.00277008
722	6	24	0.5	0.0055325	0.00276625
723	6	24	0.5	0.00552486	0.00276243
724	6	24	0.458333	0.00551724	0.00275862
725	6	24	0.5	0.00550964	0.00275482
726	6	24	0.541667	0.00550206	0.00275103
727	6	24	0.5	0.00549451	0.00274725
728	6	24	0.5	0.00548697	0.00274348
729	6	24	0.458333	0.00547945	0.00273973
730	6	24	0.541667	0.00547196	0.00273598
731	6	24	0.5	0.00546448	0.00273224
732	6	24	0.458333	0.00545703	0.00272851
733	6	24	0.5	0.00544959	0.0027248
734	6	24	0.458333	0.00544218	0.00272109
735	6	24	0.5	0.00543478	0.00271739
736	6	24	0.458333	0.00542741	0.0027137
737	6	24	0.5	0.00542005	0.00271003
738	6	24	0.458333	0.00541272	0.00270636
739	6	24	0.541667	0.00540541	0.0027027
740	6	24	0.5	0.00539811	0.00269906
741	6	24	0.5	0.00539084	0.00269542
742	6	24	0.5	0.00538358	0.00269179
743	6	24	0.5	0.00537634	0.00268817
744	6	24	0.458333	0.00536913	0.00268456
745	6	24	0.541667	0.00536193	0.00268097
746	6	24	0.5	0.00535475	0.00267738
747	6	24	0.541667	0.00534759	0.0026738
748	6	24	0.5	0.00534045	0.00267023
749	6	24	0.5	0.00533333	0.00266667
750	6	24	0.458333	0.00532623	0.00266312
751	6	24	0.5	0.00531915	0.00265957
752	6	24	0.458333	0.00531208	0.00265604
753	6	24	0.541667	0.00530504	0.00265252
754	6	24	0.5	0.00529801	0.00264901
755	6	24	0.5	0.00529101	0.0026455
756	6	24	0.541667	0.00528402	0.00264201
757	6	24	0.5	0.00527704	0.00263852
758	6	24	0.5	0.00527009	0.00263505
759	6	24	0.5	0.00526316	0.00263158
760	6	24	0.5	0.00525624	0.00262812
761	6	24	0.5	0.00524934	0.00262467
762	6	24	0.5	0.00524246	0.00262123
763	6	24	0.458333	0.0052356	0.0026178
764	6	24	0.5	0.00522876	0.00261438
765	6	24	0.5	0.00522193	0.00261097
766	6	24	0.5	0.00521512	0.00260756
767	6	24	0.5	0.00520833	0.00260417
768	6	24	0.5	0.00520156	0.00260078
769	6	24	0.5	0.00519481	0.0025974
770	6	24	0.5	0.00518807	0.00259403
771	6	24	0.5	0.00518135	0.00259067
772	6	24	0.5	0.00517464	0.00258732
773	6	24	0.5	0.00516796	0.00258398
774	6	24	0.5	0.00516129	0.00258065
775	6	24	0.5	0.00515464	0.00257732
776	6	24	0.5	0.00514801	0.002574
777	6	24	0.541667	0.00514139	0.00257069
778	6	24	0.5	0.00513479	0.00256739
779	6	24	0.5	0.00512821	0.0025641
780	6	24	0.5	0.00512164	0.00256082
781	6	24	0.5	0.00511509	0.00255754
782	6	24	0.5	0.00510856	0.00255428
783	6	24	0.5	0.00510204	0.00255102
784	6	24	0.5	0.00509554	0.00254777
785	6	24	0.5	0.00508906	0.00254453
786	6	24	0.5	0.00508259	0.0025413
787	6	24	0.5	0.00507614	0.00253807
788	6	24	0.5	0.00506971	0.00253485
789	6	24	0.5	0.00506329	0.00253165
790	6	24	0.5	0.00505689	0.00252845
791	6	24	0.5	0.00505051	0.00252525
792	6	24	0.5	0.00504414	0.00252207
793	6	24	0.5	0.00503778	0.00251889
794	6	24	0.541667	0.00503145	0.00251572
795	6	24	0.5	0.00502513	0.00251256
796	6	24	0.416667	0.00501882	0.00250941
797	6	24	0.5	0.00501253	0.00250627
798	6	24	0.583333	0.00500626	0.00250313
799	6	24	0.5	0.005	0.0025
800	6	24	0.541667	0.00499376	0.00249688
801	6	24	0.5	0.00498753	0.00249377
802	6	24	0.5	0.00498132	0.00249066
803	6	24	0.5	0.00497512	0.00248756
804	6	24	0.5	0.00496894	0.00248447
805	6	24	0.5	0.00496278	0.00248139
806	6	24	0.5	0.00495663	0.00247831
807	6	24	0.541667	0.0049505	0.00247525
808	6	24	0.5	0.00494438	0.00247219
809	6	24	0.5	0.00493827	0.00246914
810	6	24	0.5	0.00493218	0.00246609
811	6	24	0.5	0.00492611	0.00246305
812	6	24	0.5	0.00492005	0.00246002
813	6	24	0.458333	0.004914	0.002457
814	6	24	0.541667	0.00490798	0.00245399
815	6	24	0.5	0.00490196	0.00245098
816	6	24	0.5	0.00489596	0.00244798
817	6	24	0.5	0.00488998	0.00244499
818	6	24	0.5	0.004884	0.002442
819	6	24	0.458333	0.00487805	0.00243902
820	6	24	0.5	0.00487211	0.00243605
821	6	24	0.5	0.00486618	0.00243309
822	6	24	0.666667	0.00486027	0.0036452
823	6	24	0.5	0.00485437	0.00364078
824	6	24	0.5	0.00484848	0.00363636
825	6	24	0.5	0.00484262	0.00363196
826	6	24	0.333333	0.00604595	0.00362757
827	6	24	0.5	0.00603865	0.00362319
828	6	24	0.5	0.00603136	0.00361882
829	6	24	0.5	0.0060241	0.00361446
830	6	24	0.5	0.00601685	0.00361011
831	6	24	0.541667	0.00600962	0.00360577
832	6	24	0.5	0.0060024	0.00360144
833	6	24	0.5	0.0059952	0.00359712
834	6	24	0.5	0.00598802	0.00359281
835	6	24	0.458333	0.00598086	0.00358852
836	6	24	0.5	0.00597372	0.00358423
837	6	24	0.5	0.00596659	0.00357995
838	6	24	0.5	0.00595948	0.00357569
839	6	24	0.5	0.00595238	0.00357143
840	6	24	0.5	0.0059453	0.00356718
841	6	24	0.458333	0.00593824	0.00356295
842	6	24	0.5	0.0059312	0.00355872
843	6	24	0.458333	0.00592417	0.0035545
844	6	24	0.541667	0.00591716	0.0035503
845	6	24	0.5	0.00591017	0.0035461
846	6	24	0.458333	0.00590319	0.00354191
847	6	24	0.5	0.00589623	0.00353774
848	6	24	0.5	0.00588928	0.00353357
849	6	24	0.458333	0.00588235	0.00352941
850	6	24	0.5	0.00587544	0.00352526
851	6	24	0.5	0.00586854	0.00352113
852	6	24	0.5	0.00586166	0.003517
853	6	24	0.541667	0.0058548	0.00351288
854	6	24	0.541667	0.00584795	0.00350877
855	6	24	0.5	0.00584112	0.00350467
856	6	24	0.5	0.00583431	0.00350058
857	6	24	0.458333	0.00582751	0.0034965
858	6	24	0.5	0.00582072	0.00349243
859	6	24	0.583333	0.00581395	0.00348837
860	6	24	0.541667	0.0058072	0.00348432
861	6	24	0.5	0.00580046	0.00348028
862	6	24	0.5	0.00579374	0.00347625
863	6	24	0.5	0.00578704	0.00347222
864	6	24	0.458333	0.00578035	0.00346821
865	6	24	0.5	0.00577367	0.0034642
866	6	24	0.5	0.00576701	0.00346021
867	6	24	0.5	0.00576037	0.00345622
868	6	24	0.5	0.00575374	0.00345224
869	6	24	0.5	0.00574713	0.00344828
870	6	24	0.5	0.00574053	0.00344432
871	6	24	0.5	0.00573394	0.00344037
872	6	24	0.541667	0.00572738	0.00343643
873	6	24	0.541667	0.00572082	0.00343249
874	6	24	0.5	0.00571429	0.00342857
875	6	24	0.5	0.00570776	0.00342466
876	6	24	0.5	0.00570125	0.00342075
877	6	24	0.541667	0.00569476	0.00341686
878	6	24	0.5	0.00568828	0.00341297
879	6	24	0.5	0.00568182	0.00340909
880	6	24	0.5	0.00567537	0.00340522
881	6	24	0.5	0.00566893	0.00340136
882	6	24	0.541667	0.00566251	0.00339751
883	6	24	0.416667	0.00565611	0.00339367
884	6	24	0.5	0.00564972	0.00338983
885	6	24	0.5	0.00564334	0.003386
886	6	24	0.458333	0.00563698	0.00338219
887	6	24	0.5	0.00563063	0.00337838
888	6	24	0.458333	0.0056243	0.00337458
889	6	24	0.541667	0.00561798	0.00337079
890	6	24	0.458333	0.00561167	0.003367
891	6	24	0.5	0.00560538	0.00336323
892	6	24	0.5	0.0055991	0.00335946
893	6	24	0.5	0.00559284	0.0033557
894	6	24	0.5	0.00558659	0.00335196
895	6	24	0.5	0.00558036	0.00334821
896	6	24	0.5	0.00557414	0.00334448
897	6	24	0.5	0.00556793	0.00334076
898	6	24	0.5	0.00556174	0.00333704
899	6	24	0.5	0.00555556	0.00333333
900	6	24	0.5	0.00554939	0.00332963
901	6	24	0.458333	0.00554324	0.00332594
902	6	24	0.5	0.0055371	0.00332226
903	6	24	0.5	0.00553097	0.00331858
904	6	24	0.5	0.00552486	0.00331492
905	6	24	0.5	0.00551876	0.00331126
906	6	24	0.5	0.00551268	0.00330761
907	6	24	0.5	0.00550661	0.00330396
908	6	24	0.5	0.00550055	0.00330033
909	6	24	0.5	0.00549451	0.0032967
910	6	24	0.5	0.00548847	0.00329308
911	6	24	0.5	0.00548246	0.00328947
912	6	24	0.458333	0.00547645	0.00328587
913	6	24	0.5	0.00547046	0.00328228
914	6	24	0.583333	0.00546448	0.00327869
915	6	24	0.541667	0.00545852	0.00327511
916	6	24	0.5	0.00545256	0.00327154
917	6	24	0.5	0.00544662	0.00326797
918	6	24	0.458333	0.0054407	0.00326442
919	6	24	0.5	0.00543478	0.00326087
920	6	24	0.5	0.00542888	0.00325733
921	6	24	0.5	0.00542299	0.0032538
922	6	24	0.5	0.00541712	0.00325027
923	6	24	0.5	0.00541126	0.00324675
924	6	24	0.5	0.00540541	0.00324324
925	6	24	0.5	0.00539957	0.00323974
926	6	24	0.5	0.00539374	0.00323625
927	6	24	0.5	0.00538793	0.00323276
928	6	24	0.5	0.00538213	0.00322928
929	6	24	0.5	0.00537634	0.00322581
930	6	24	0.5	0.00537057	0.00322234
931	6	24	0.5	0.00536481	0.00321888
932	6	24	0.541667	0.00535906	0.00321543
933	6	24	0.5	0.00535332	0.00321199
934	6	24	0.5	0.00534759	0.00320856
935	6	24	0.458333	0.00534188	0.00320513
936	6	24	0.458333	0.00533618	0.00320171
937	6	24	0.541667	0.00533049	0.00319829
938	6	24	0.5	0.00532481	0.00319489
939	6	24	0.5	0.00531915	0.00319149
940	6	24	0.5	0.0053135	0.0031881
941	6	24	0.5	0.00530786	0.00318471
942	6	24	0.5	0.00530223	0.00318134
943	6	24	0.5	0.00529661	0.00317797
944	6	24	0.5	0.00529101	0.0031746
945	6	24	0.5	0.00528541	0.00317125
946	6	24	0.5	0.00527983	0.0031679
947	6	24	0.458333	0.00527426	0.00316456
948	6	24	0.458333	0.0052687	0.00316122
949	6	24	0.5	0.00526316	0.00315789
950	6	24	0.5	0.00525762	0.00315457
951	6	24	0.416667	0.0052521	0.00315126
952	6	24	0.541667	0.00524659	0.00314795
953	6	24	0.5	0.00524109	0.00314465
954	6	24	0.5	0.0052356	0.00314136
955	6	24	0.5	0.00523013	0.00313808
956	6	24	0.5	0.00522466	0.0031348
957	6	24	0.5	0.00521921	0.00313152
958	6	24	0.5	0.00521376	0.00312826
959	6	24	0.5	0.00520833	0.003125
960	6	24	0.5	0.00520291	0.00312175
961	6	24	0.5	0.00519751	0.0031185
962	6	24	0.5	0.00519211	0.00311526
963	6	24	0.5	0.00518672	0.00311203
964	6	24	0.458333	0.00518135	0.00310881
965	6	24	0.5	0.00517598	0.00310559
966	6	24	0.5	0.00517063	0.00310238
967	6	24	0.5	0.00516529	0.00309917
968	6	24	0.5	0.00515996	0.00309598
969	6	24	0.541667	0.00515464	0.00309278
970	6	24	0.458333	0.00514933	0.0030896
971	6	24	0.5	0.00514403	0.00308642
972	6	24	0.583333	0.00513875	0.00308325
973	6	24	0.541667	0.00513347	0.00308008
974	6	24	0.5	0.00512821	0.00307692
975	6	24	0.5	0.00512295	0.00307377
976	6	24	0.458333	0.00511771	0.00307062
977	6	24	0.5	0.00511247	0.00306748
978	6	24	0.5	0.00510725	0.00306435
979	6	24	0.5	0.00510204	0.00306122
980	6	24	0.5	0.00509684	0.0030581
981	6	24	0.541667	0.00509165	0.00305499
982	6	24	0.5	0.00508647	0.00305188
983	6	24	0.5	0.0050813	0.00304878
984	6	24	0.541667	0.00507614	0.00304569
985	6	24	0.541667	0.00507099	0.0030426
986	6	24	0.5	0.00506586	0.00303951
987	6	24	0.458333	0.00506073	0.00303644
988	6	24	0.5	0.00505561	0.00303337
989	6	24	0.458333	0.00505051	0.0030303
990	6	24	0.458333	0.00504541	0.00302725
991	6	24	0.5	0.00504032	0.00302419
992	6	24	0.5	0.00503525	0.00302115
993	6	24	0.5	0.00503018	0.00301811
994	6	24	0.5	0.00502513	0.00301508
995	6	24	0.541667	0.00502008	0.00301205
996	6	24	0.5	0.00501505	0.00300903
997	6	24	0.541667	0.00501002	0.00300601
998	6	24	0.458333	0.00500501	0.003003
999	6	24	0.458333	0.005	0.003
1000	6	24	0.5	0.004995	0.002997
1001	6	24	0.5	0.00499002	0.00299401
1002	6	24	0.5	0.00498504	0.00299103
1003	6	24	0.583333	0.00498008	0.00298805
1004	6	24	0.5	0.00497512	0.00298507
1005	6	24	0.5	0.00497018	0.00298211
1006	6	24	0.5	0.00496524	0.00297915
1007	6	24	0.5	0.00496032	0.00297619
1008	6	24	0.5	0.0049554	0.00297324
1009	6	24	0.5	0.0049505	0.0029703
1010	6	24	0.458333	0.0049456	0.00296736
1011	6	24	0.458333	0.00494071	0.00296443
1012	6	24	0.458333	0.00493583	0.0029615
1013	6	24	0.5	0.00493097	0.00295858
1014	6	24	0.5	0.00492611	0.00295567
1015	6	24	0.5	0.00492126	0.00295276
1016	6	24	0.5	0.00491642	0.00294985
1017	6	24	0.416667	0.00491159	0.00294695
1018	6	24	0.5	0.00490677	0.00294406
1019	6	24	0.583333	0.00490196	0.00294118
1020	6	24	0.458333	0.00489716	0.0029383
1021	6	24	0.5	0.00489237	0.00293542
1022	6	24	0.5	0.00488759	0.00293255
1023	6	24	0.5	0.00488281	0.00292969
1024	6	24	0.5	0.00487805	0.00292683
1025	6	24	0.5	0.00487329	0.00292398
1026	6	24	0.5	0.00486855	0.00292113
1027	6	24	0.5	0.00486381	0.00291829
1028	6	24	0.5	0.00485909	0.00291545
1029	6	24	0.5	0.00485437	0.00291262
1030	6	24	0.5	0.00484966	0.0029098
1031	6	24	0.5	0.00484496	0.00290698
1032	6	24	0.541667	0.00484027	0.00290416
1033	6	24	0.541667	0.00483559	0.00290135
1034	6	24	0.5	0.00483092	0.00289855
1035	6	24	0.5	0.00482625	0.00289575
1036	6	24	0.5	0.0048216	0.00289296
1037	6	24	0.5	0.00481696	0.00289017
1038	6	24	0.5	0.00481232	0.00288739
1039	6	24	0.5	0.00480769	0.00288462
1040	6	24	0.458333	0.00480307	0.00288184
1041	6	24	0.5	0.00479846	0.00287908
1042	6	24	0.5	0.00479386	0.00287632
1043	6	24	0.5	0.00478927	0.00287356
1044	6	24	0.5	0.00478469	0.00287081
1045	6	24	0.541667	0.00478011	0.00286807
1046	6	24	0.5	0.00477555	0.00286533
1047	6	24	0.5	0.00477099	0.0028626
1048	6	24	0.5	0.00476644	0.00285987
1049	6	24	0.5	0.0047619	0.00285714
1050	6	24	0.5	0.00475737	0.00285442
1051	6	24	0.5	0.00475285	0.00285171
1052	6	24	0.5	0.00474834	0.002849
1053	6	24	0.5	0.00474383	0.0028463
1054	6	24	0.583333	0.00473934	0.0028436
1055	6	24	0.625	0.00473485	0.00378788
1056	6	24	0.375	0.00567644	0.0037843
1057	6	24	0.5	0.00567108	0.00378072
1058	6	24	0.5	0.00566572	0.00377715
1059	6	24	0.5	0.00566038	0.00377358
1060	6	24	0.5	0.00565504	0.00377003
1061	6	24	0.583333	0.00564972	0.00376648
1062	6	24	0.5	0.0056444	0.00376294
1063	6	24	0.5	0.0056391	0.0037594
1064	6	24	0.5	0.0056338	0.00375587
1065	6	24	0.541667	0.00562852	0.00375235
1066	6	24	0.5	0.00562324	0.00374883
1067	6	24	0.5	0.00561798	0.00374532
1068	6	24	0.5	0.00561272	0.00374181
1069	6	24	0.5	0.00560748	0.00373832
1070	6	24	0.5	0.00560224	0.00373483
1071	6	24	0.541667	0.00559701	0.00373134
1072	6	24	0.5	0.0055918	0.00372787
1073	6	24	0.541667	0.00558659	0.00372439
1074	6	24	0.5	0.0055814	0.00372093
1075	6	24	0.458333	0.00557621	0.00371747
1076	6	24	0.5	0.00557103	0.00371402
1077	6	24	0.5	0.00556586	0.00371058
1078	6	24	0.5	0.0055607	0.00370714
1079	6	24	0.5	0.00555556	0.0037037
1080	6	24	0.5	0.00555042	0.00370028
1081	6	24	0.5	0.00554529	0.00369686
1082	6	24	0.5	0.00554017	0.00369344
1083	6	24	0.5	0.00553506	0.00369004
1084	6	24	0.5	0.00552995	0.00368664
1085	6	24	0.541667	0.00552486	0.00368324
1086	6	24	0.5	0.00551978	0.00367985
1087	6	24	0.5	0.00551471	0.00367647
1088	6	24	0.5	0.00550964	0.00367309
1089	6	24	0.416667	0.00550459	0.00366972
1090	6	24	0.583333	0.00549954	0.00366636
1091	6	24	0.5	0.00549451	0.003663
1092	6	24	0.5	0.00548948	0.00365965
1093	6	24	0.5	0.00548446	0.00365631
1094	6	24	0.458333	0.00547945	0.00365297
1095	6	24	0.458333	0.00547445	0.00364964
1096	6	24	0.5	0.00546946	0.00364631
1097	6	24	0.5	0.00546448	0.00364299
1098	6	24	0.458333	0.00545951	0.00363967
1099	6	24	0.5	0.00545455	0.00363636
1100	6	24	0.5	0.00544959	0.00363306
1101	6	24	0.541667	0.00544465	0.00362976
1102	6	24	0.5	0.00543971	0.00362647
1103	6	24	0.541667	0.00543478	0.00362319
1104	6	24	0.458333	0.00542986	0.00361991
1105	6	24	0.5	0.00542495	0.00361664
1106	6	24	0.5	0.00542005	0.00361337
1107	6	24	0.5	0.00541516	0.00361011
1108	6	24	0.458333	0.00541028	0.00360685
1109	6	24	0.5	0.00540541	0.0036036
1110	6	24	0.5	0.00540054	0.00360036
1111	6	24	0.5	0.00539568	0.00359712
1112	6	24	0.5	0.00539084	0.00359389
1113	6	24	0.5	0.005386	0.00359066
1114	6	24	0.5	0.00538117	0.00358744
1115	6	24	0.541667	0.00537634	0.00358423
1116	6	24	0.5	0.00537153	0.00358102
1117	6	24	0.5	0.00536673	0.00357782
1118	6	24	0.5	0.00536193	0.00357462
1119	6	24	0.5	0.00535714	0.00357143
1120	6	24	0.5	0.00535236	0.00356824
1121	6	24	0.5	0.00534759	0.00356506
1122	6	24	0.5	0.00534283	0.00356189
1123	6	24	0.458333	0.00533808	0.00355872
1124	6	24	0.5	0.00533333	0.00355556
1125	6	24	0.416667	0.0053286	0.0035524
1126	6	24	0.5	0.00532387	0.00354925
1127	6	24	0.5	0.00531915	0.0035461
1128	6	24	0.541667	0.00531444	0.00354296
1129	6	24	0.458333	0.00530973	0.00353982
1130	6	24	0.5	0.00530504	0.00353669
1131	6	24	0.458333	0.00530035	0.00353357
1132	6	24	0.5	0.00529568	0.00353045
1133	6	24	0.5	0.00529101	0.00352734
1134	6	24	0.5	0.00528634	0.00352423
1135	6	24	0.5	0.00528169	0.00352113
1136	6	24	0.541667	0.00527704	0.00351803
1137	6	24	0.5	0.00527241	0.00351494
1138	6	24	0.5	0.00526778	0.00351185
1139	6	24	0.5	0.00526316	0.00350877
1140	6	24	0.5	0.00525855	0.0035057
1141	6	24	0.541667	0.00525394	0.00350263
1142	6	24	0.5	0.00524934	0.00349956
1143	6	24	0.541667	0.00524476	0.0034965
1144	6	24	0.5	0.00524017	0.00349345
1145	6	24	0.5	0.0052356	0.0034904
1146	6	24	0.5	0.00523104	0.00348736
1147	6	24	0.5	0.00522648	0.00348432
1148	6	24	0.5	0.00522193	0.00348129
1149	6	24	0.5	0.00521739	0.00347826
1150	6	24	0.5	0.00521286	0.00347524
1151	6	24	0.5	0.00520833	0.00347222
1152	6	24	0.5	0.00520382	0.00346921
1153	6	24	0.583333	0.00519931	0.0034662
1154	6	24	0.5	0.00519481	0.0034632
1155	6	24	0.5	0.00519031	0.00346021
1156	6	24	0.5	0.00518583	0.00345722
1157	6	24	0.5	0.00518135	0.00345423
1158	6	24	0.5	0.00517688	0.00345125
1159	6	24	0.5	0.00517241	0.00344828
1160	6	24	0.5	0.00516796	0.00344531
1161	6	24	0.5	0.00516351	0.00344234
1162	6	24	0.5	0.00515907	0.00343938
1163	6	24	0.5	0.00515464	0.00343643
1164	6	24	0.5	0.00515021	0.00343348
1165	6	24	0.458333	0.0051458	0.00343053
1166	6	24	0.5	0.00514139	0.00342759
1167	6	24	0.458333	0.00513699	0.00342466
1168	6	24	0.5	0.00513259	0.00342173
1169	6	24	0.5	0.00512821	0.0034188
1170	6	24	0.5	0.00512383	0.00341588
1171	6	24	0.5	0.00511945	0.00341297
1172	6	24	0.5	0.00511509	0.00341006
1173	6	24	0.5	0.00511073	0.00340716
1174	6	24	0.5	0.00510638	0.00340426
1175	6	24	0.5	0.00510204	0.00340136
1176	6	24	0.541667	0.00509771	0.00339847
1177	6	24	0.5	0.00509338	0.00339559
1178	6	24	0.5	0.00508906	0.00339271
1179	6	24	0.5	0.00508475	0.00338983
1180	6	24	0.5	0.00508044	0.00338696
1181	6	24	0.5	0.00507614	0.00338409
1182	6	24	0.5	0.00507185	0.00338123
1183	6	24	0.5	0.00506757	0.00337838
1184	6	24	0.5	0.00506329	0.00337553
1185	6	24	0.541667	0.00505902	0.00337268
1186	6	24	0.583333	0.00505476	0.00336984
1187	6	24	0.5	0.00505051	0.003367
1188	6	24	0.541667	0.00504626	0.00336417
1189	6	24	0.5	0.00504202	0.00336134
1190	6	24	0.5	0.00503778	0.00335852
1191	6	24	0.5	0.00503356	0.0033557
1192	6	24	0.5	0.00502934	0.00335289
1193	6	24	0.541667	0.00502513	0.00335008
1194	6	24	0.5	0.00502092	0.00334728
1195	6	24	0.541667	0.00501672	0.00334448
1196	6	24	0.416667	0.00501253	0.00334169
1197	6	24	0.5	0.00500835	0.0033389
1198	6	24	0.458333	0.00500417	0.00333611
1199	6	24	0.541667	0.005	0.00333333
1200	6	24	0.5	0.00499584	0.00333056
1201	6	24	0.458333	0.00499168	0.00332779
1202	6	24	0.541667	0.00498753	0.00332502
1203	6	24	0.541667	0.00498339	0.00332226
1204	6	24	0.541667	0.00497925	0.0033195
1205	6	24	0.5	0.00497512	0.00331675
1206	6	24	0.5	0.004971	0.003314
1207	6	24	0.5	0.00496689	0.00331126
1208	6	24	0.5	0.00496278	0.00330852
1209	6	24	0.5	0.00495868	0.00330579
1210	6	24	0.5	0.00495458	0.00330306
1211	6	24	0.5	0.0049505	0.00330033
1212	6	24	0.5	0.00494641	0.00329761
1213	6	24	0.5	0.00494234	0.00329489
1214	6	24	0.5	0.00493827	0.00329218
1215	6	24	0.541667	0.00493421	0.00328947
1216	6	24	0.5	0.00493016	0.00328677
1217	6	24	0.458333	0.00492611	0.00328407
1218	6	24	0.5	0.00492207	0.00328138
1219	6	24	0.5	0.00491803	0.00327869
1220	6	24	0.541667	0.004914	0.003276
1221	6	24	0.5	0.00490998	0.00327332
1222	6	24	0.5	0.00490597	0.00327065
1223	6	24	0.5	0.00490196	0.00326797
1224	6	24	0.5	0.00489796	0.00326531
1225	6	24	0.5	0.00489396	0.00326264
1226	6	24	0.541667	0.00488998	0.00325998
1227	6	24	0.541667	0.00488599	0.00325733
1228	6	24	0.5	0.00488202	0.00325468
1229	6	24	0.5	0.00487805	0.00325203
1230	6	24	0.5	0.00487409	0.00324939
1231	6	24	0.5	0.00487013	0.00324675
1232	6	24	0.375	0.00567721	0.00324412
1233	6	24	0.5	0.00567261	0.00324149
1234	6	24	0.5	0.00566802	0.00323887
1235	6	24	0.5	0.00566343	0.00323625
1236	6	24	0.5	0.00565885	0.00323363
1237	6	24	0.458333	0.00565428	0.00323102
1238	6	24	0.5	0.00564972	0.00322841
1239	6	24	0.541667	0.00564516	0.00322581
1240	6	24	0.416667	0.00564061	0.00322321
1241	6	24	0.541667	0.00563607	0.00322061
1242	6	24	0.5	0.00563154	0.00321802
1243	6	24	0.5	0.00562701	0.00321543
1244	6	24	0.5	0.00562249	0.00321285
1245	6	24	0.375	0.00642055	0.00321027
1246	6	24	0.5	0.0064154	0.0032077
1247	6	24	0.5	0.00641026	0.00320513
1248	6	24	0.5	0.00640512	0.00320256
1249	6	24	0.5	0.0064	0.0032
1250	6	24	0.5	0.00639488	0.00319744
1251	6	24	0.5	0.00638978	0.00319489
1252	6	24	0.5	0.00638468	0.00319234
1253	6	24	0.5	0.00637959	0.00318979
1254	6	24	0.5	0.0063745	0.00318725
1255	6	24	0.5	0.00636943	0.00318471
1256	6	24	0.5	0.00636436	0.00318218
1257	6	24	0.5	0.0063593	0.00317965
1258	6	24	0.5	0.00635425	0.00317712
1259	6	24	0.458333	0.00634921	0.0031746
1260	6	24	0.5	0.00634417	0.00317209
1261	6	24	0.458333	0.00633914	0.00316957
1262	6	24	0.458333	0.00633413	0.00316706
1263	6	24	0.5	0.00632911	0.00316456
1264	6	24	0.5	0.00632411	0.00316206
1265	6	24	0.458333	0.00631912	0.00315956
1266	6	24	0.5	0.00631413	0.00315706
1267	6	24	0.5	0.00630915	0.00315457
1268	6	24	0.5	0.00630418	0.00315209
1269	6	24	0.541667	0.00629921	0.00314961
1270	6	24	0.5	0.00629426	0.00314713
1271	6	24	0.541667	0.00628931	0.00314465
1272	6	24	0.541667	0.00628437	0.00314218
1273	6	24	0.5	0.00627943	0.00313972
1274	6	24	0.5	0.00627451	0.00313725
1275	6	24	0.5	0.00626959	0.0031348
1276	6	24	0.5	0.00626468	0.00313234
1277	6	24	0.458333	0.00625978	0.00312989
1278	6	24	0.5	0.00625489	0.00312744
1279	6	24	0.5	0.00625	0.003125
1280	6	24	0.541667	0.00624512	0.00312256
1281	6	24	0.541667	0.00624025	0.00312012
1282	6	24	0.5	0.00623539	0.00311769
1283	6	24	0.5	0.00623053	0.00311526
1284	6	24	0.583333	0.00622568	0.00311284
1285	6	24	0.5	0.00622084	0.00311042
1286	6	24	0.5	0.00621601	0.003108
1287	6	24	0.5	0.00621118	0.00310559
1288	6	24	0.5	0.00620636	0.00310318
1289	6	24	0.5	0.00620155	0.00310078
1290	6	24	0.5	0.00619675	0.00309837
1291	6	24	0.5	0.00619195	0.00309598
1292	6	24	0.541667	0.00618716	0.00309358
1293	6	24	0.5	0.00618238	0.00309119
1294	6	24	0.5	0.00617761	0.0030888
1295	6	24	0.5	0.00617284	0.00308642
1296	6	24	0.5	0.00616808	0.00308404
1297	6	24	0.5	0.00616333	0.00308166
1298	6	24	0.5	0.00615858	0.00307929
1299	6	24	0.5	0.00615385	0.00307692
1300	6	24	0.5	0.00614912	0.00307456
1301	6	24	0.5	0.00614439	0.0030722
1302	6	24	0.5	0.00613968	0.00306984
1303	6	24	0.5	0.00613497	0.00306748
1304	6	24	0.5	0.00613027	0.00306513
1305	6	24	0.5	0.00612557	0.00306279
1306	6	24	0.5	0.00612089	0.00306044
1307	6	24	0.5	0.00611621	0.0030581
1308	6	24	0.541667	0.00611154	0.00305577
1309	6	24	0.458333	0.00610687	0.00305344
1310	6	24	0.5	0.00610221	0.00305111
1311	6	24	0.458333	0.00609756	0.00304878
1312	6	24	0.5	0.00609292	0.00304646
1313	6	24	0.375	0.00684932	0.00304414
1314	6	24	0.5	0.00684411	0.00304183
1315	6	24	0.5	0.00683891	0.00303951
1316	6	24	0.541667	0.00683371	0.00303721
1317	6	24	0.458333	0.00682853	0.0030349
1318	6	24	0.5	0.00682335	0.0030326
1319	6	24	0.5	0.00681818	0.0030303
1320	6	24	0.5	0.00681302	0.00302801
1321	6	24	0.458333	0.00680787	0.00302572
1322	6	24	0.5	0.00680272	0.00302343
1323	6	24	0.5	0.00679758	0.00302115
1324	6	24	0.5	0.00679245	0.00301887
1325	6	24	0.541667	0.00678733	0.00301659
1326	6	24	0.541667	0.00678222	0.00301432
1327	6	24	0.5	0.00677711	0.00301205
1328	6	24	0.5	0.00677201	0.00300978
1329	6	24	0.5	0.00676692	0.00300752
1330	6	24	0.5	0.00676183	0.00300526
1331	6	24	0.5	0.00675676	0.003003
1332	6	24	0.5	0.00675169	0.00300075
1333	6	24	0.5	0.00674663	0.0029985
1334	6	24	0.5	0.00674157	0.00299625
1335	6	24	0.5	0.00673653	0.00299401
1336	6	24	0.5	0.00673149	0.00299177
1337	6	24	0.5	0.00672646	0.00298954
1338	6	24	0.541667	0.00672143	0.0029873
1339	6	24	0.5	0.00671642	0.00298507
1340	6	24	0.541667	0.00671141	0.00298285
1341	6	24	0.5	0.00670641	0.00298063
1342	6	24	0.5	0.00670141	0.00297841
1343	6	24	0.541667	0.00669643	0.00297619
1344	6	24	0.5	0.00669145	0.00297398
1345	6	24	0.5	0.00668648	0.00297177
1346	6	24	0.5	0.00668151	0.00296956
1347	6	24	0.5	0.00667656	0.00296736
1348	6	24	0.5	0.00667161	0.00296516
1349	6	24	0.5	0.00666667	0.00296296
1350	6	24	0.5	0.00666173	0.00296077
1351	6	24	0.458333	0.0066568	0.00295858
1352	6	24	0.5	0.00665188	0.00295639
1353	6	24	0.5	0.00664697	0.00295421
1354	6	24	0.5	0.00664207	0.00295203
1355	6	24	0.5	0.00663717	0.00294985
1356	6	24	0.458333	0.00663228	0.00294768
1357	6	24	0.5	0.00662739	0.00294551
1358	6	24	0.5	0.00662252	0.00294334
1359	6	24	0.5	0.00661765	0.00294118
1360	6	24	0.5	0.00661278	0.00293902
1361	6	24	0.5	0.00660793	0.00293686
1362	6	24	0.5	0.00660308	0.0029347
1363	6	24	0.5	0.00659824	0.00293255
1364	6	24	0.5	0.00659341	0.0029304
1365	6	24	0.541667	0.00658858	0.00292826
1366	6	24	0.5	0.00658376	0.00292612
1367	6	24	0.5	0.00657895	0.00292398
1368	6	24	0.5	0.00657414	0.00292184
1369	6	24	0.5	0.00656934	0.00291971
1370	6	24	0.541667	0.00656455	0.00291758
1371	6	24	0.5	0.00655977	0.00291545
1372	6	24	0.5	0.00655499	0.00291333
1373	6	24	0.458333	0.00655022	0.00291121
1374	6	24	0.5	0.00654545	0.00290909
1375	6	24	0.5	0.0065407	0.00290698
1376	6	24	0.5	0.00653595	0.00290487
1377	6	24	0.458333	0.0065312	0.00290276
1378	6	24	0.458333	0.00652647	0.00290065
1379	6	24	0.458333	0.00652174	0.00289855
1380	6	24	0.458333	0.00651702	0.00289645
1381	6	24	0.5	0.0065123	0.00289436
1382	6	24	0.5	0.00650759	0.00289226
1383	6	24	0.5	0.00650289	0.00289017
1384	6	24	0.5	0.00649819	0.00288809
1385	6	24	0.5	0.00649351	0.002886
1386	6	24	0.5	0.00648882	0.00288392
1387	6	24	0.375	0.00720461	0.00288184
1388	6	24	0.5	0.00719942	0.00287977
1389	6	24	0.5	0.00719424	0.0028777
1390	6	24	0.458333	0.00718907	0.00287563
1391	6	24	0.541667	0.00718391	0.00287356
1392	6	24	0.5	0.00717875	0.0028715
1393	6	24	0.5	0.0071736	0.00286944
1394	6	24	0.5	0.00716846	0.00286738
1395	6	24	0.541667	0.00716332	0.00286533
1396	6	24	0.5	0.0071582	0.00286328
1397	6	24	0.458333	0.00715308	0.00286123
1398	6	24	0.5	0.00714796	0.00285919
1399	6	24	0.5	0.00714286	0.00285714
1400	6	24	0.5	0.00713776	0.0028551
1401	6	24	0.5	0.00713267	0.00285307
1402	6	24	0.583333	0.00712758	0.00285103
1403	6	24	0.541667	0.00712251	0.002849
1404	6	24	0.5	0.00711744	0.00284698
1405	6	24	0.416667	0.00711238	0.00284495
1406	6	24	0.5	0.00710732	0.00284293
1407	6	24	0.458333	0.00710227	0.00284091
1408	6	24	0.5	0.00709723	0.00283889
1409	6	24	0.458333	0.0070922	0.00283688
1410	6	24	0.5	0.00708717	0.00283487
1411	6	24	0.5	0.00708215	0.00283286
1412	6	24	0.458333	0.00707714	0.00283086
1413	6	24	0.5	0.00707214	0.00282885
1414	6	24	0.5	0.00706714	0.00282686
1415	6	24	0.5	0.00706215	0.00282486
1416	6	24	0.5	0.00705716	0.00282287
1417	6	24	0.708333	0.00705219	0.00352609
1418	6	24	0.458333	0.00704722	0.00352361
1419	6	24	0.5	0.00704225	0.00352113
1420	6	24	0.5	0.0070373	0.00351865
1421	6	24	0.5	0.00703235	0.00351617
1422	6	24	0.541667	0.00702741	0.0035137
1423	6	24	0.5	0.00702247	0.00351124
1424	6	24	0.5	0.00701754	0.00350877
1425	6	24	0.5	0.00701262	0.00350631
1426	6	24	0.5	0.00700771	0.00350385
1427	6	24	0.5	0.0070028	0.0035014
1428	6	24	0.458333	0.0069979	0.00349895
1429	6	24	0.5	0.00699301	0.0034965
1430	6	24	0.5	0.00698812	0.00349406
1431	6	24	0.458333	0.00698324	0.00349162
1432	6	24	0.458333	0.00697837	0.00348918
1433	6	24	0.5	0.0069735	0.00348675
1434	6	24	0.541667	0.00696864	0.00348432
1435	6	24	0.5	0.00696379	0.00348189
1436	6	24	0.5	0.00695894	0.00347947
1437	6	24	0.5	0.0069541	0.00347705
1438	6	24	0.5	0.00694927	0.00347464
1439	6	24	0.5	0.00694444	0.00347222
1440	6	24	0.541667	0.00693963	0.00346981
1441	6	24	0.5	0.00693481	0.00346741
1442	6	24	0.5	0.00693001	0.003465
1443	6	24	0.5	0.00692521	0.0034626
1444	6	24	0.458333	0.00692042	0.00346021
1445	6	24	0.5	0.00691563	0.00345781
1446	6	24	0.5	0.00691085	0.00345543
1447	6	24	0.458333	0.00690608	0.00345304
1448	6	24	0.5	0.00690131	0.00345066
1449	6	24	0.5	0.00689655	0.00344828
1450	6	24	0.5	0.0068918	0.0034459
1451	6	24	0.5	0.00688705	0.00344353
1452	6	24	0.5	0.00688231	0.00344116
1453	6	24	0.5	0.00687758	0.00343879
1454	6	24	0.5	0.00687285	0.00343643
1455	6	24	0.5	0.00686813	0.00343407
1456	6	24	0.541667	0.00686342	0.00343171
1457	6	24	0.583333	0.00685871	0.00342936
1458	6	24	0.541667	0.00685401	0.003427
1459	6	24	0.5	0.00684932	0.00342466
1460	6	24	0.5	0.00684463	0.00342231
1461	6	24	0.583333	0.00683995	0.00341997
1462	6	24	0.5	0.00683527	0.00341763
1463	6	24	0.541667	0.0068306	0.0034153
1464	6	24	0.5	0.00682594	0.00341297
1465	6	24	0.5	0.00682128	0.00341064
1466	6	24	0.5	0.00681663	0.00340832
1467	6	24	0.5	0.00681199	0.00340599
1468	6	24	0.5	0.00680735	0.00340368
1469	6	24	0.5	0.00680272	0.00340136
1470	6	24	0.5	0.0067981	0.00339905
1471	6	24	0.5	0.00679348	0.00339674
1472	6	24	0.5	0.00678887	0.00339443
1473	6	24	0.5	0.00678426	0.00339213
1474	6	24	0.541667	0.00677966	0.00338983
1475	6	24	0.458333	0.00677507	0.00338753
1476	6	24	0.5	0.00677048	0.00338524
1477	6	24	0.5	0.0067659	0.00338295
1478	6	24	0.458333	0.00676133	0.00338066
1479	6	24	0.5	0.00675676	0.00337838
1480	6	24	0.541667	0.00675219	0.0033761
1481	6	24	0.5	0.00674764	0.00337382
1482	6	24	0.5	0.00674309	0.00337154
1483	6	24	0.458333	0.00673854	0.00336927
1484	6	24	0.5	0.00673401	0.003367
1485	6	24	0.5	0.00672948	0.00336474
1486	6	24	0.541667	0.00672495	0.00336247
1487	6	24	0.541667	0.00672043	0.00336022
1488	6	24	0.5	0.00671592	0.00335796
1489	6	24	0.5	0.00671141	0.0033557
1490	6	24	0.5	0.00670691	0.00335345
1491	6	24	0.5	0.00670241	0.00335121
1492	6	24	0.5	0.00669792	0.00334896
1493	6	24	0.583333	0.00669344	0.00334672
1494	6	24	0.5	0.00668896	0.00334448
1495	6	24	0.5	0.00668449	0.00334225
1496	6	24	0.541667	0.00668003	0.00334001
1497	6	24	0.625	0.00667557	0.00400534
1498	6	24	0.5	0.00667111	0.00400267
1499	6	24	0.5	0.00666667	0.004
1500	6	24	0.5	0.00666223	0.00399734
1501	6	24	0.5	0.00665779	0.00399467
1502	6	24	0.5	0.00665336	0.00399202
1503	6	24	0.5	0.00664894	0.00398936
1504	6	24	0.458333	0.00664452	0.00398671
1505	6	24	0.5	0.00664011	0.00398406
1506	6	24	0.5	0.0066357	0.00398142
1507	6	24	0.458333	0.0066313	0.00397878
1508	6	24	0.5	0.00662691	0.00397614
1509	6	24	0.458333	0.00662252	0.00397351
1510	6	24	0.5	0.00661813	0.00397088
1511	6	24	0.541667	0.00661376	0.00396825
1512	6	24	0.5	0.00660939	0.00396563
1513	6	24	0.5	0.00660502	0.00396301
1514	6	24	0.458333	0.00660066	0.0039604
1515	6	24	0.5	0.00659631	0.00395778
1516	6	24	0.5	0.00659196	0.00395517
1517	6	24	0.5	0.00658762	0.00395257
1518	6	24	0.5	0.00658328	0.00394997
1519	6	24	0.458333	0.00657895	0.00394737
1520	6	24	0.5	0.00657462	0.00394477
1521	6	24	0.5	0.0065703	0.00394218
1522	6	24	0.458333	0.00656599	0.00393959
1523	6	24	0.5	0.00656168	0.00393701
1524	6	24	0.5	0.00655738	0.00393443
1525	6	24	0.5	0.00655308	0.00393185
1526	6	24	0.5	0.00654879	0.00392927
1527	6	24	0.541667	0.0065445	0.0039267
1528	6	24	0.541667	0.00654022	0.00392413
1529	6	24	0.458333	0.00653595	0.00392157
1530	6	24	0.458333	0.00653168	0.00391901
1531	6	24	0.5	0.00652742	0.00391645
1532	6	24	0.458333	0.00652316	0.00391389
1533	6	24	0.583333	0.0065189	0.00391134
1534	6	24	0.5	0.00651466	0.00390879
1535	6	24	0.5	0.00651042	0.00390625
1536	6	24	0.5	0.00650618	0.00390371
1537	6	24	0.5	0.00650195	0.00390117
1538	6	24	0.375	0.0071475	0.00389864
1539	6	24	0.5	0.00714286	0.0038961
1540	6	24	0.5	0.00713822	0.00389358
1541	6	24	0.541667	0.00713359	0.00389105
1542	6	24	0.583333	0.00712897	0.00388853
1543	6	24	0.5	0.00712435	0.00388601
1544	6	24	0.5	0.00711974	0.0038835
1545	6	24	0.5	0.00711514	0.00388098
1546	6	24	0.5	0.00711054	0.00387847
1547	6	24	0.5	0.00710594	0.00387597
1548	6	24	0.5	0.00710136	0.00387347
1549	6	24	0.5	0.00709677	0.00387097
1550	6	24	0.5	0.0070922	0.00386847
1551	6	24	0.5	0.00708763	0.00386598
1552	6	24	0.5	0.00708307	0.00386349
1553	6	24	0.5	0.00707851	0.003861
1554	6	24	0.5	0.00707395	0.00385852
1555	6	24	0.5	0.00706941	0.00385604
1556	6	24	0.5	0.00706487	0.00385356
1557	6	24	0.5	0.00706033	0.00385109
1558	6	24	0.5	0.00705581	0.00384862
1559	6	24	0.5	0.00705128	0.00384615
1560	6	24	0.458333	0.00704676	0.00384369
1561	6	24	0.5	0.00704225	0.00384123
1562	6	24	0.416667	0.00703775	0.00383877
1563	6	24	0.416667	0.00703325	0.00383632
1564	6	24	0.5	0.00702875	0.00383387
1565	6	24	0.583333	0.00702427	0.00383142
1566	6	24	0.5	0.00701978	0.00382897
1567	6	24	0.5	0.00701531	0.00382653
1568	6	24	0.5	0.00701083	0.00382409
1569	6	24	0.458333	0.00700637	0.00382166
1570	6	24	0.5	0.00700191	0.00381922
1571	6	24	0.5	0.00699746	0.00381679
1572	6	24	0.458333	0.00699301	0.00381437
1573	6	24	0.5	0.00698856	0.00381194
1574	6	24	0.5	0.00698413	0.00380952
1575	6	24	0.5	0.0069797	0.00380711
1576	6	24	0.5	0.00697527	0.00380469
1577	6	24	0.5	0.00697085	0.00380228
1578	6	24	0.5	0.00696643	0.00379987
1579	6	24	0.5	0.00696203	0.00379747
1580	6	24	0.5	0.00695762	0.00379507
1581	6	24	0.5	0.00695322	0.00379267
1582	6	24	0.541667	0.00694883	0.00379027
1583	6	24	0.5	0.00694444	0.00378788
1584	6	24	0.5	0.00694006	0.00378549
1585	6	24	0.5	0.00693569	0.0037831
1586	6	24	0.416667	0.00693132	0.00378072
1587	6	24	0.5	0.00692695	0.00377834
1588	6	24	0.5	0.00692259	0.00377596
1589	6	24	0.5	0.00691824	0.00377358
1590	6	24	0.5	0.00691389	0.00377121
1591	6	24	0.5	0.00690955	0.00376884
1592	6	24	0.458333	0.00690521	0.00376648
1593	6	24	0.5	0.00690088	0.00376412
1594	6	24	0.5	0.00689655	0.00376176
1595	6	24	0.5	0.00689223	0.0037594
1596	6	24	0.5	0.00688791	0.00375704
1597	6	24	0.5	0.0068836	0.00375469
1598	6	24	0.458333	0.0068793	0.00375235
1599	6	24	0.458333	0.006875	0.00375
1600	6	24	0.5	0.00687071	0.00374766
1601	6	24	0.5	0.00686642	0.00374532
1602	6	24	0.5	0.00686213	0.00374298
1603	6	24	0.5	0.00685786	0.00374065
1604	6	24	0.541667	0.00685358	0.00373832
1605	6	24	0.5	0.00684932	0.00373599
1606	6	24	0.458333	0.00684505	0.00373367
1607	6	24	0.5	0.0068408	0.00373134
1608	6	24	0.5	0.00683654	0.00372902
1609	6	24	0.416667	0.0068323	0.00372671
1610	6	24	0.5	0.00682806	0.00372439
1611	6	24	0.5	0.00682382	0.00372208
1612	6	24	0.5	0.00681959	0.00371978
1613	6	24	0.5	0.00681537	0.00371747
1614	6	24	0.583333	0.00681115	0.00371517
1615	6	24	0.5	0.00680693	0.00371287
1616	6	24	0.5	0.00680272	0.00371058
1617	6	24	0.5	0.00679852	0.00370828
1618	6	24	0.5	0.00679432	0.00370599
1619	6	24	0.5	0.00679012	0.0037037
1620	6	24	0.5	0.00678593	0.00370142
1621	6	24	0.541667	0.00678175	0.00369914
1622	6	24	0.5	0.00677757	0.00369686
1623	6	24	0.5	0.0067734	0.00369458
1624	6	24	0.5	0.00676923	0.00369231
1625	6	24	0.5	0.00676507	0.00369004
1626	6	24	0.458333	0.00676091	0.00368777
1627	6	24	0.5	0.00675676	0.0036855
1628	6	24	0.5	0.00675261	0.00368324
1629	6	24	0.5	0.00674847	0.00368098
1630	6	24	0.541667	0.00674433	0.00367872
1631	6	24	0.583333	0.0067402	0.00367647
1632	6	24	0.5	0.00673607	0.00367422
1633	6	24	0.5	0.00673195	0.00367197
1634	6	24	0.5	0.00672783	0.00366972
1635	6	24	0.5	0.00672372	0.00366748
1636	6	24	0.5	0.00671961	0.00366524
1637	6	24	0.5	0.00671551	0.003663
1638	6	24	0.5	0.00671141	0.00366077
1639	6	24	0.5	0.00670732	0.00365854
1640	6	24	0.541667	0.00670323	0.00365631
1641	6	24	0.5	0.00669915	0.00365408
1642	6	24	0.5	0.00669507	0.00365186
1643	6	24	0.5	0.006691	0.00364964
1644	6	24	0.5	0.00668693	0.00364742
1645	6	24	0.541667	0.00668287	0.0036452
1646	6	24	0.5	0.00667881	0.00364299
1647	6	24	0.541667	0.00667476	0.00364078
1648	6	24	0.458333	0.00667071	0.00363857
1649	6	24	0.5	0.00666667	0.00363636
1650	6	24	0.5	0.00666263	0.00363416
1651	6	24	0.5	0.0066586	0.00363196
1652	6	24	0.541667	0.00665457	0.00362976
1653	6	24	0.5	0.00665054	0.00362757
1654	6	24	0.5	0.00664653	0.00362538
1655	6	24	0.5	0.00664251	0.00362319
1656	6	24	0.5	0.0066385	0.003621
1657	6	24	0.5	0.0066345	0.00361882
1658	6	24	0.458333	0.0066305	0.00361664
1659	6	24	0.541667	0.00662651	0.00361446
1660	6	24	0.5	0.00662252	0.00361228
1661	6	24	0.5	0.00661853	0.00361011
1662	6	24	0.458333	0.00661455	0.00360794
1663	6	24	0.5	0.00661058	0.00360577
1664	6	24	0.541667	0.00660661	0.0036036
1665	6	24	0.458333	0.00660264	0.00360144
1666	6	24	0.541667	0.00659868	0.00359928
1667	6	24	0.5	0.00659472	0.00359712
1668	6	24	0.5	0.00659077	0.00359497
1669	6	24	0.541667	0.00658683	0.00359281
1670	6	24	0.541667	0.00658288	0.00359066
1671	6	24	0.5	0.00657895	0.00358852
1672	6	24	0.5	0.00657501	0.00358637
1673	6	24	0.5	0.00657109	0.00358423
1674	6	24	0.5	0.00656716	0.00358209
1675	6	24	0.5	0.00656325	0.00357995
1676	6	24	0.541667	0.00655933	0.00357782
1677	6	24	0.5	0.00655542	0.00357569
1678	6	24	0.541667	0.00655152	0.00357356
1679	6	24	0.5	0.00654762	0.00357143
1680	6	24	0.5	0.00654372	0.0035693
1681	6	24	0.458333	0.00653983	0.00356718
1682	6	24	0.458333	0.00653595	0.00356506
1683	6	24	0.5	0.00653207	0.00356295
1684	6	24	0.5	0.00652819	0.00356083
1685	6	24	0.5	0.00652432	0.00355872
1686	6	24	0.5	0.00652045	0.00355661
1687	6	24	0.5	0.00651659	0.0035545
1688	6	24	0.5	0.00651273	0.0035524
1689	6	24	0.541667	0.00650888	0.0035503
1690	6	24	0.5	0.00650503	0.0035482
1691	6	24	0.5	0.00650118	0.0035461
1692	6	24	0.5	0.00649734	0.003544
1693	6	24	0.458333	0.00649351	0.00354191
1694	6	24	0.541667	0.00648968	0.00353982
1695	6	24	0.5	0.00648585	0.00353774
1696	6	24	0.5	0.00648203	0.00353565
1697	6	24	0.5	0.00647821	0.00353357
1698	6	24	0.458333	0.0064744	0.00353149
1699	6	24	0.458333	0.00647059	0.00352941
1700	6	24	0.541667	0.00646678	0.00352734
1701	6	24	0.5	0.00646298	0.00352526
1702	6	24	0.541667	0.00645919	0.00352319
1703	6	24	0.458333	0.0064554	0.00352113
1704	6	24	0.458333	0.00645161	0.00351906
1705	6	24	0.5	0.00644783	0.003517
1706	6	24	0.5	0.00644405	0.00351494
1707	6	24	0.5	0.00644028	0.00351288
1708	6	24	0.5	0.00643651	0.00351083
1709	6	24	0.5	0.00643275	0.00350877
1710	6	24	0.458333	0.00642899	0.00350672
1711	6	24	0.5	0.00642523	0.00350467
1712	6	24	0.5	0.00642148	0.00350263
1713	6	24	0.458333	0.00641774	0.00350058
1714	6	24	0.5	0.00641399	0.00349854
1715	6	24	0.5	0.00641026	0.0034965
1716	6	24	0.5	0.00640652	0.00349447
1717	6	24	0.5	0.00640279	0.00349243
1718	6	24	0.5	0.00639907	0.0034904
1719	6	24	0.5	0.00639535	0.00348837
1720	6	24	0.5	0.00639163	0.00348635
1721	6	24	0.541667	0.00638792	0.00348432
1722	6	24	0.5	0.00638421	0.0034823
1723	6	24	0.5	0.00638051	0.00348028
1724	6	24	0.5	0.00637681	0.00347826
1725	6	24	0.5	0.00637312	0.00347625
1726	6	24	0.5	0.00636943	0.00347423
1727	6	24	0.583333	0.00636574	0.00347222
1728	6	24	0.5	0.00636206	0.00347021
1729	6	24	0.5	0.00635838	0.00346821
1730	6	24	0.5	0.00635471	0.0034662
1731	6	24	0.5	0.00635104	0.0034642
1732	6	24	0.5	0.00634737	0.0034622
1733	6	24	0.458333	0.00634371	0.00346021
1734	6	24	0.5	0.00634006	0.00345821
1735	6	24	0.5	0.00633641	0.00345622
1736	6	24	0.5	0.00633276	0.00345423
1737	6	24	0.541667	0.00632911	0.00345224
1738	6	24	0.541667	0.00632547	0.00345026
1739	6	24	0.541667	0.00632184	0.00344828
1740	6	24	0.5	0.00631821	0.0034463
1741	6	24	0.5	0.00631458	0.00344432
1742	6	24	0.5	0.00631096	0.00344234
1743	6	24	0.5	0.00630734	0.00344037
1744	6	24	0.5	0.00630372	0.0034384
1745	6	24	0.5	0.00630011	0.00343643
1746	6	24	0.5	0.00629651	0.00343446
1747	6	24	0.541667	0.00629291	0.00343249
1748	6	24	0.5	0.00628931	0.00343053
1749	6	24	0.541667	0.00628571	0.00342857
1750	6	24	0.458333	0.00628212	0.00342661
1751	6	24	0.5	0.00627854	0.00342466
1752	6	24	0.541667	0.00627496	0.0034227
1753	6	24	0.5	0.00627138	0.00342075
1754	6	24	0.5	0.00626781	0.0034188
1755	6	24	0.416667	0.00626424	0.00341686
1756	6	24	0.5	0.00626067	0.00341491
1757	6	24	0.5	0.00625711	0.00341297
1758	6	24	0.416667	0.00625355	0.00341103
1759	6	24	0.541667	0.00625	0.00340909
1760	6	24	0.5	0.00624645	0.00340716
1761	6	24	0.458333	0.00624291	0.00340522
1762	6	24	0.541667	0.00623936	0.00340329
1763	6	24	0.458333	0.00623583	0.00340136
1764	6	24	0.5	0.00623229	0.00339943
1765	6	24	0.5	0.00622877	0.00339751
1766	6	24	0.458333	0.00622524	0.00339559
1767	6	24	0.5	0.00622172	0.00339367
1768	6	24	0.5	0.0062182	0.00339175
1769	6	24	0.458333	0.00621469	0.00338983
1770	6	24	0.5	0.00621118	0.00338792
1771	6	24	0.5	0.00620767	0.003386
1772	6	24	0.5	0.00620417	0.00338409
1773	6	24	0.5	0.00620068	0.00338219
1774	6	24	0.5	0.00619718	0.00338028
1775	6	24	0.5	0.00619369	0.00337838
1776	6	24	0.5	0.00619021	0.00337648
1777	6	24	0.541667	0.00618673	0.00337458
1778	6	24	0.5	0.00618325	0.00337268
1779	6	24	0.5	0.00617978	0.00337079
1780	6	24	0.5	0.00617631	0.00336889
1781	6	24	0.5	0.00617284	0.003367
1782	6	24	0.5	0.00616938	0.00336511
1783	6	24	0.5	0.00616592	0.00336323
1784	6	24	0.458333	0.00616246	0.00336134
1785	6	24	0.5	0.00615901	0.00335946
1786	6	24	0.5	0.00615557	0.00335758
1787	6	24	0.458333	0.00615213	0.0033557
1788	6	24	0.541667	0.00614869	0.00335383
1789	6	24	0.5	0.00614525	0.00335196
1790	6	24	0.5	0.00614182	0.00335008
1791	6	24	0.5	0.00613839	0.00334821
1792	6	24	0.5	0.00613497	0.00334635
1793	6	24	0.458333	0.00613155	0.00334448
1794	6	24	0.458333	0.00612813	0.00334262
1795	6	24	0.458333	0.00612472	0.00334076
1796	6	24	0.541667	0.00612131	0.0033389
1797	6	24	0.583333	0.00611791	0.00333704
1798	6	24	0.5	0.00611451	0.00333519
1799	6	24	0.5	0.00611111	0.00333333
1800	6	24	0.5	0.00610772	0.00333148
1801	6	24	0.5	0.00610433	0.00332963
1802	6	24	0.375	0.00665557	0.00332779
1803	6	24	0.5	0.00665188	0.00332594
1804	6	24	0.458333	0.0066482	0.0033241
1805	6	24	0.583333	0.00664452	0.00332226
1806	6	24	0.5	0.00664084	0.00332042
1807	6	24	0.5	0.00663717	0.00331858
1808	6	24	0.5	0.0066335	0.00331675
1809	6	24	0.541667	0.00662983	0.00331492
1810	6	24	0.5	0.00662617	0.00331309
1811	6	24	0.5	0.00662252	0.00331126
1812	6	24	0.541667	0.00661886	0.00330943
1813	6	24	0.541667	0.00661521	0.00330761
1814	6	24	0.541667	0.00661157	0.00330579
1815	6	24	0.5	0.00660793	0.00330396
1816	6	24	0.5	0.00660429	0.00330215
1817	6	24	0.5	0.00660066	0.00330033
1818	6	24	0.5	0.00659703	0.00329852
1819	6	24	0.541667	0.00659341	0.0032967
1820	6	24	0.5	0.00658979	0.00329489
1821	6	24	0.541667	0.00658617	0.00329308
1822	6	24	0.5	0.00658256	0.00329128
1823	6	24	0.5	0.00657895	0.00328947
1824	6	24	0.5	0.00657534	0.00328767
1825	6	24	0.541667	0.00657174	0.00328587
1826	6	24	0.5	0.00656814	0.00328407
1827	6	24	0.5	0.00656455	0.00328228
1828	6	24	0.458333	0.00656096	0.00328048
1829	6	24	0.5	0.00655738	0.00327869
1830	6	24	0.5	0.0065538	0.0032769
1831	6	24	0.5	0.00655022	0.00327511
1832	6	24	0.5	0.00654664	0.00327332
1833	6	24	0.5	0.00654308	0.00327154
1834	6	24	0.416667	0.00653951	0.00326975
1835	6	24	0.5	0.00653595	0.00326797
1836	6	24	0.458333	0.00653239	0.00326619
1837	6	24	0.5	0.00652884	0.00326442
1838	6	24	0.5	0.00652529	0.00326264
1839	6	24	0.583333	0.00652174	0.00326087
1840	6	24	0.5	0.0065182	0.0032591
1841	6	24	0.5	0.00651466	0.00325733
1842	6	24	0.5	0.00651112	0.00325556
1843	6	24	0.458333	0.00650759	0.0032538
1844	6	24	0.541667	0.00650407	0.00325203
1845	6	24	0.458333	0.00650054	0.00325027
1846	6	24	0.5	0.00649702	0.00324851
1847	6	24	0.5	0.00649351	0.00324675
1848	6	24	0.5	0.00648999	0.003245
1849	6	24	0.5	0.00648649	0.00324324
1850	6	24	0.5	0.00648298	0.00324149
1851	6	24	0.5	0.00647948	0.00323974
1852	6	24	0.458333	0.00647598	0.00323799
1853	6	24	0.458333	0.00647249	0.00323625
1854	6	24	0.5	0.006469	0.0032345
1855	6	24	0.541667	0.00646552	0.00323276
1856	6	24	0.541667	0.00646204	0.00323102
1857	6	24	0.416667	0.00645856	0.00322928
1858	6	24	0.5	0.00645508	0.00322754
1859	6	24	0.458333	0.00645161	0.00322581
1860	6	24	0.5	0.00644815	0.00322407
1861	6	24	0.5	0.00644468	0.00322234
1862	6	24	0.5	0.00644122	0.00322061
1863	6	24	0.5	0.00643777	0.00321888
1864	6	24	0.5	0.00643432	0.00321716
1865	6	24	0.5	0.00643087	0.00321543
1866	6	24	0.583333	0.00642742	0.00321371
1867	6	24	0.5	0.00642398	0.00321199
1868	6	24	0.458333	0.00642055	0.00321027
1869	6	24	0.5	0.00641711	0.00320856
1870	6	24	0.458333	0.00641368	0.00320684
1871	6	24	0.5	0.00641026	0.00320513
1872	6	24	0.458333	0.00640683	0.00320342
1873	6	24	0.583333	0.00640342	0.00320171
1874	6	24	0.5	0.0064	0.0032
1875	6	24	0.541667	0.00639659	0.00319829
1876	6	24	0.5	0.00639318	0.00319659
1877	6	24	0.5	0.00638978	0.00319489
1878	6	24	0.5	0.00638638	0.00319319
1879	6	24	0.5	0.00638298	0.00319149
1880	6	24	0.5	0.00637959	0.00318979
1881	6	24	0.541667	0.0063762	0.0031881
1882	6	24	0.5	0.00637281	0.0031864
1883	6	24	0.5	0.00636943	0.00318471
1884	6	24	0.5	0.00636605	0.00318302
1885	6	24	0.541667	0.00636267	0.00318134
1886	6	24	0.458333	0.0063593	0.00317965
1887	6	24	0.5	0.00635593	0.00317797
1888	6	24	0.5	0.00635257	0.00317628
1889	6	24	0.5	0.00634921	0.0031746
1890	6	24	0.5	0.00634585	0.00317292
1891	6	24	0.5	0.00634249	0.00317125
1892	6	24	0.5	0.00633914	0.00316957
1893	6	24	0.5	0.0063358	0.0031679
1894	6	24	0.5	0.00633245	0.00316623
1895	6	24	0.5	0.00632911	0.00316456
1896	6	24	0.5	0.00632578	0.00316289
1897	6	24	0.5	0.00632244	0.00316122
1898	6	24	0.458333	0.00631912	0.00315956
1899	6	24	0.5	0.00631579	0.00315789
1900	6	24	0.5	0.00631247	0.00315623
1901	6	24	0.5	0.00630915	0.00315457
1902	6	24	0.5	0.00630583	0.00315292
1903	6	24	0.5	0.00630252	0.00315126
1904	6	24	0.541667	0.00629921	0.00314961
1905	6	24	0.5	0.00629591	0.00314795
1906	6	24	0.5	0.00629261	0.0031463
1907	6	24	0.458333	0.00628931	0.00314465
1908	6	24	0.5	0.00628601	0.00314301
1909	6	24	0.5	0.00628272	0.00314136
1910	6	24	0.5	0.00627943	0.00313972
1911	6	24	0.5	0.00627615	0.00313808
1912	6	24	0.5	0.00627287	0.00313643
1913	6	24	0.541667	0.00626959	0.0031348
1914	6	24	0.5	0.00626632	0.00313316
1915	6	24	0.5	0.00626305	0.00313152
1916	6	24	0.541667	0.00625978	0.00312989
1917	6	24	0.541667	0.00625652	0.00312826
1918	6	24	0.5	0.00625326	0.00312663
1919	6	24	0.541667	0.00625	0.003125
1920	6	24	0.541667	0.00624675	0.00312337
1921	6	24	0.5	0.0062435	0.00312175
1922	6	24	0.541667	0.00624025	0.00312012
1923	6	24	0.541667	0.00623701	0.0031185
1924	6	24	0.5	0.00623377	0.00311688
1925	6	24	0.541667	0.00623053	0.00311526
1926	6	24	0.5	0.0062273	0.00311365
1927	6	24	0.5	0.00622407	0.00311203
1928	6	24	0.458333	0.00622084	0.00311042
1929	6	24	0.5	0.00621762	0.00310881
1930	6	24	0.5	0.0062144	0.0031072
1931	6	24	0.541667	0.00621118	0.00310559
1932	6	24	0.5	0.00620797	0.00310398
1933	6	24	0.5	0.00620476	0.00310238
1934	6	24	0.458333	0.00620155	0.00310078
1935	6	24	0.5	0.00619835	0.00309917
1936	6	24	0.5	0.00619515	0.00309757
1937	6	24	0.5	0.00619195	0.00309598
1938	6	24	0.5	0.00618876	0.00309438
1939	6	24	0.5	0.00618557	0.00309278
1940	6	24	0.5	0.00618238	0.00309119
1941	6	24	0.5	0.0061792	0.0030896
1942	6	24	0.5	0.00617602	0.00308801
1943	6	24	0.541667	0.00617284	0.00308642
1944	6	24	0.5	0.00616967	0.00308483
1945	6	24	0.5	0.0061665	0.00308325
1946	6	24	0.5	0.00616333	0.00308166
1947	6	24	0.5	0.00616016	0.00308008
1948	6	24	0.5	0.006157	0.0030785
1949	6	24	0.5	0.00615385	0.00307692
1950	6	24	0.5	0.00615069	0.00307535
1951	6	24	0.5	0.00614754	0.00307377
1952	6	24	0.5	0.00614439	0.0030722
1953	6	24	0.458333	0.00614125	0.00307062
1954	6	24	0.5	0.00613811	0.00306905
1955	6	24	0.541667	0.00613497	0.00306748
1956	6	24	0.5	0.00613183	0.00306592
1957	6	24	0.541667	0.0061287	0.00306435
1958	6	24	0.5	0.00612557	0.00306279
1959	6	24	0.5	0.00612245	0.00306122
1960	6	24	0.5	0.00611933	0.00305966
1961	6	24	0.541667	0.00611621	0.0030581
1962	6	24	0.541667	0.00611309	0.00305655
1963	6	24	0.5	0.00610998	0.00305499
1964	6	24	0.458333	0.00610687	0.00305344
1965	6	24	0.458333	0.00610376	0.00305188
1966	6	24	0.5	0.00610066	0.00305033
1967	6	24	0.5	0.00609756	0.00304878
1968	6	24	0.5	0.00609446	0.00304723
1969	6	24	0.5	0.00609137	0.00304569
1970	6	24	0.541667	0.00608828	0.00304414
1971	6	24	0.541667	0.00608519	0.0030426
1972	6	24	0.5	0.00608211	0.00304105
1973	6	24	0.5	0.00607903	0.00303951
1974	6	24	0.5	0.00607595	0.00303797
1975	6	24	0.5	0.00607287	0.00303644
1976	6	24	0.5	0.0060698	0.0030349
1977	6	24	0.5	0.00606673	0.00303337
1978	6	24	0.5	0.00606367	0.00303183
1979	6	24	0.5	0.00606061	0.0030303
1980	6	24	0.541667	0.00605755	0.00302877
1981	6	24	0.5	0.00605449	0.00302725
1982	6	24	0.5	0.00605144	0.00302572
1983	6	24	0.541667	0.00604839	0.00302419
1984	6	24	0.458333	0.00604534	0.00302267
1985	6	24	0.5	0.0060423	0.00302115
1986	6	24	0.5	0.00603926	0.00301963
1987	6	24	0.5	0.00603622	0.00301811
1988	6	24	0.5	0.00603318	0.00301659
1989	6	24	0.541667	0.00603015	0.00301508
1990	6	24	0.458333	0.00602712	0.00301356
1991	6	24	0.5	0.0060241	0.00301205
1992	6	24	0.5	0.00602107	0.00301054
1993	6	24	0.5	0.00601805	0.00300903
1994	6	24	0.458333	0.00601504	0.00300752
1995	6	24	0.5	0.00601202	0.00300601
1996	6	24	0.5	0.00600901	0.00300451
1997	6	24	0.5	0.00600601	0.003003
1998	6	24	0.5	0.006003	0.0030015
1999	6	24	0.541667	0.006	0.003
2000	6	24	0.5	0.005997	0.0029985
2001	6	24	0.5	0.00599401	0.002997
2002	6	24	0.5	0.00599101	0.00299551
2003	6	24	0.458333	0.00598802	0.00299401
2004	6	24	0.5	0.00598504	0.00299252
2005	6	24	0.541667	0.00598205	0.00299103
2006	6	24	0.5	0.00597907	0.00298954
2007	6	24	0.5	0.0059761	0.00298805
2008	6	24	0.5	0.00597312	0.00298656
2009	6	24	0.5	0.00597015	0.00298507
2010	6	24	0.541667	0.00596718	0.00298359
2011	6	24	0.5	0.00596421	0.00298211
2012	6	24	0.541667	0.00596125	0.00298063
2013	6	24	0.5	0.00595829	0.00297915
2014	6	24	0.5	0.00595533	0.00297767
2015	6	24	0.5	0.00595238	0.00297619
2016	6	24	0.5	0.00594943	0.00297471
2017	6	24	0.5	0.00594648	0.00297324
2018	6	24	0.5	0.00594354	0.00297177
2019	6	24	0.416667	0.00594059	0.0029703
2020	6	24	0.5	0.00593765	0.00296883
2021	6	24	0.5	0.00593472	0.00296736
2022	6	24	0.541667	0.00593178	0.00296589
2023	6	24	0.541667	0.00592885	0.00296443
2024	6	24	0.5	0.00592593	0.00296296
2025	6	24	0.5	0.005923	0.0029615
2026	6	24	0.5	0.00592008	0.00296004
2027	6	24	0.5	0.00591716	0.00295858
2028	6	24	0.5	0.00591424	0.00295712
2029	6	24	0.5	0.00591133	0.00295567
2030	6	24	0.5	0.00590842	0.00295421
2031	6	24	0.583333	0.00590551	0.00295276
2032	6	24	0.5	0.00590261	0.0029513
2033	6	24	0.5	0.00589971	0.00294985
2034	6	24	0.458333	0.00589681	0.0029484
2035	6	24	0.5	0.00589391	0.00294695
2036	6	24	0.541667	0.00589102	0.00294551
2037	6	24	0.5	0.00588813	0.00294406
2038	6	24	0.5	0.00588524	0.00294262
2039	6	24	0.5	0.00588235	0.00294118
2040	6	24	0.5	0.00587947	0.00293974
2041	6	24	0.541667	0.00587659	0.0029383
2042	6	24	0.541667	0.00587372	0.00293686
2043	6	24	0.5	0.00587084	0.00293542
2044	6	24	0.541667	0.00586797	0.00293399
2045	6	24	0.5	0.0058651	0.00293255
2046	6	24	0.5	0.00586224	0.00293112
2047	6	24	0.5	0.00585938	0.00292969
2048	6	24	0.458333	0.00585652	0.00292826
2049	6	24	0.5	0.00585366	0.00292683
2050	6	24	0.5	0.0058508	0.0029254
2051	6	24	0.5	0.00584795	0.00292398
2052	6	24	0.5	0.0058451	0.00292255
2053	6	24	0.5	0.00584226	0.00292113
2054	6	24	0.5	0.00583942	0.00291971
2055	6	24	0.458333	0.00583658	0.00291829
2056	6	24	0.5	0.00583374	0.00291687
2057	6	24	0.5	0.0058309	0.00291545
2058	6	24	0.458333	0.00582807	0.00291404
2059	6	24	0.5	0.00582524	0.00291262
2060	6	24	0.5	0.00582242	0.00291121
2061	6	24	0.5	0.00581959	0.0029098
2062	6	24	0.5	0.00581677	0.00290839
2063	6	24	0.5	0.00581395	0.00290698
2064	6	24	0.5	0.00581114	0.00290557
2065	6	24	0.541667	0.00580833	0.00290416
2066	6	24	0.5	0.00580552	0.00290276
2067	6	24	0.5	0.00580271	0.00290135
2068	6	24	0.5	0.0057999	0.00289995
2069	6	24	0.5	0.0057971	0.00289855
2070	6	24	0.458333	0.0057943	0.00289715
2071	6	24	0.5	0.00579151	0.00289575
2072	6	24	0.5	0.00578871	0.00289436
2073	6	24	0.5	0.00578592	0.00289296
2074	6	24	0.541667	0.00578313	0.00289157
2075	6	24	0.625	0.00578035	0.00337187
2076	6	24	0.5	0.00577756	0.00337025
2077	6	24	0.458333	0.00577478	0.00336862
2078	6	24	0.583333	0.00577201	0.003367
2079	6	24	0.458333	0.00576923	0.00336538
2080	6	24	0.541667	0.00576646	0.00336377
2081	6	24	0.541667	0.00576369	0.00336215
2082	6	24	0.5	0.00576092	0.00336054
2083	6	24	0.5	0.00575816	0.00335893
2084	6	24	0.541667	0.0057554	0.00335731
2085	6	24	0.541667	0.00575264	0.0033557
2086	6	24	0.5	0.00574988	0.0033541
2087	6	24	0.458333	0.00574713	0.00335249
2088	6	24	0.541667	0.00574438	0.00335089
2089	6	24	0.541667	0.00574163	0.00334928
2090	6	24	0.541667	0.00573888	0.00334768
2091	6	24	0.5	0.00573614	0.00334608
2092	6	24	0.5	0.0057334	0.00334448
2093	6	24	0.5	0.00573066	0.00334288
2094	6	24	0.5	0.00572792	0.00334129
2095	6	24	0.541667	0.00572519	0.00333969
2096	6	24	0.5	0.00572246	0.0033381
2097	6	24	0.5	0.00571973	0.00333651
2098	6	24	0.5	0.00571701	0.00333492
2099	6	24	0.5	0.00571429	0.00333333
2100	6	24	0.5	0.00571157	0.00333175
2101	6	24	0.5	0.00570885	0.00333016
2102	6	24	0.5	0.00570613	0.00332858
2103	6	24	0.5	0.00570342	0.003327
2104	6	24	0.5	0.00570071	0.00332542
2105	6	24	0.5	0.00569801	0.00332384
2106	6	24	0.458333	0.0056953	0.00332226
2107	6	24	0.5	0.0056926	0.00332068
2108	6	24	0.5	0.0056899	0.00331911
2109	6	24	0.458333	0.0056872	0.00331754
2110	6	24	0.5	0.00568451	0.00331596
2111	6	24	0.5	0.00568182	0.00331439
2112	6	24	0.5	0.00567913	0.00331283
2113	6	24	0.458333	0.00567644	0.00331126
2114	6	24	0.5	0.00567376	0.00330969
2115	6	24	0.5	0.00567108	0.00330813
2116	6	24	0.458333	0.0056684	0.00330657
2117	6	24	0.5	0.00566572	0.003305
2118	6	24	0.5	0.00566305	0.00330345
2119	6	24	0.5	0.00566038	0.00330189
2120	6	24	0.5	0.00565771	0.00330033
2121	6	24	0.5	0.00565504	0.00329877
2122	6	24	0.5	0.00565238	0.00329722
2123	6	24	0.541667	0.00564972	0.00329567
2124	6	24	0.541667	0.00564706	0.00329412
2125	6	24	0.5	0.0056444	0.00329257
2126	6	24	0.458333	0.00564175	0.00329102
2127	6	24	0.5	0.0056391	0.00328947
2128	6	24	0.5	0.00563645	0.00328793
2129	6	24	0.5	0.0056338	0.00328638
2130	6	24	0.5	0.00563116	0.00328484
2131	6	24	0.5	0.00562852	0.0032833
2132	6	24	0.458333	0.00562588	0.00328176
2133	6	24	0.458333	0.00562324	0.00328022
2134	6	24	0.5	0.00562061	0.00327869
2135	6	24	0.5	0.00561798	0.00327715
2136	6	24	0.5	0.00561535	0.00327562
2137	6	24	0.5	0.00561272	0.00327409
2138	6	24	0.5	0.0056101	0.00327256
2139	6	24	0.5	0.00560748	0.00327103
2140	6	24	0.5	0.00560486	0.0032695
2141	6	24	0.541667	0.00560224	0.00326797
2142	6	24	0.5	0.00559963	0.00326645
2143	6	24	0.5	0.00559701	0.00326493
2144	6	24	0.5	0.00559441	0.0032634
2145	6	24	0.5	0.0055918	0.00326188
2146	6	24	0.5	0.00558919	0.00326036
2147	6	24	0.5	0.00558659	0.00325885
2148	6	24	0.583333	0.00558399	0.00325733
2149	6	24	0.5	0.0055814	0.00325581
2150	6	24	0.541667	0.0055788	0.0032543
2151	6	24	0.5	0.00557621	0.00325279
2152	6	24	0.5	0.00557362	0.00325128
2153	6	24	0.5	0.00557103	0.00324977
2154	6	24	0.5	0.00556845	0.00324826
2155	6	24	0.5	0.00556586	0.00324675
2156	6	24	0.5	0.00556328	0.00324525
2157	6	24	0.541667	0.0055607	0.00324374
2158	6	24	0.5	0.00555813	0.00324224
2159	6	24	0.5	0.00555556	0.00324074
2160	6	24	0.5	0.00555298	0.00323924
2161	6	24	0.541667	0.00555042	0.00323774
2162	6	24	0.5	0.00554785	0.00323625
2163	6	24	0.5	0.00554529	0.00323475
2164	6	24	0.5	0.00554273	0.00323326
2165	6	24	0.5	0.00554017	0.00323176
2166	6	24	0.5	0.00553761	0.00323027
2167	6	24	0.5	0.00553506	0.00322878
2168	6	24	0.5	0.0055325	0.00322729
2169	6	24	0.5	0.00552995	0.00322581
2170	6	24	0.5	0.00552741	0.00322432
2171	6	24	0.5	0.00552486	0.00322284
2172	6	24	0.458333	0.00552232	0.00322135
2173	6	24	0.5	0.00551978	0.00321987
2174	6	24	0.5	0.00551724	0.00321839
2175	6	24	0.5	0.00551471	0.00321691
2176	6	24	0.5	0.00551217	0.00321543
2177	6	24	0.5	0.00550964	0.00321396
2178	6	24	0.5	0.00550711	0.00321248
2179	6	24	0.541667	0.00550459	0.00321101
2180	6	24	0.5	0.00550206	0.00320954
